S1	E1	S2	E2	Reference	Contig	IDY	Ambiguous	Best_group
CONTIG	NODE_1_length_271548_cov_8.590358	271548	unaligned
CONTIG	NODE_2_length_261753_cov_9.444333	261753	unaligned
CONTIG	NODE_3_length_240545_cov_10.170735	240545	unaligned
219	439	152638	152858	NCTC5866_fig_981327.12.peg.1339	NODE_4_length_154683_cov_10.939823	90.05		True
CONTIG	NODE_4_length_154683_cov_10.939823	154683	correct_unaligned
CONTIG	NODE_5_length_134304_cov_6.908700	134304	unaligned
CONTIG	NODE_6_length_132455_cov_7.577953	132455	unaligned
CONTIG	NODE_7_length_131958_cov_8.788678	131958	unaligned
CONTIG	NODE_8_length_113166_cov_9.952825	113166	unaligned
CONTIG	NODE_9_length_110080_cov_9.215951	110080	unaligned
CONTIG	NODE_10_length_105256_cov_11.185474	105256	unaligned
CONTIG	NODE_11_length_101129_cov_7.664216	101129	unaligned
CONTIG	NODE_12_length_98620_cov_7.759184	98620	unaligned
CONTIG	NODE_13_length_98115_cov_8.994391	98115	unaligned
CONTIG	NODE_14_length_97354_cov_7.568978	97354	unaligned
CONTIG	NODE_15_length_96269_cov_15.671929	96269	unaligned
CONTIG	NODE_16_length_90804_cov_8.081918	90804	unaligned
CONTIG	NODE_17_length_76957_cov_7.510494	76957	unaligned
CONTIG	NODE_18_length_76779_cov_9.117225	76779	unaligned
CONTIG	NODE_19_length_73211_cov_9.375649	73211	unaligned
CONTIG	NODE_20_length_70751_cov_8.819226	70751	unaligned
CONTIG	NODE_21_length_65892_cov_8.089524	65892	unaligned
CONTIG	NODE_22_length_63011_cov_7.428283	63011	unaligned
CONTIG	NODE_23_length_59543_cov_9.550901	59543	unaligned
CONTIG	NODE_24_length_55101_cov_8.472641	55101	unaligned
CONTIG	NODE_25_length_53999_cov_22.450078	53999	unaligned
CONTIG	NODE_26_length_51780_cov_7.836288	51780	unaligned
961	1100	11882	11743	A39_fig_1219382.3.peg.1416	NODE_27_length_42738_cov_17.474873	92.86		True
CONTIG	NODE_27_length_42738_cov_17.474873	42738	correct_unaligned
CONTIG	NODE_28_length_39912_cov_7.753970	39912	unaligned
CONTIG	NODE_29_length_39368_cov_8.376873	39368	unaligned
CONTIG	NODE_30_length_34847_cov_6.850397	34847	unaligned
CONTIG	NODE_31_length_34543_cov_6.019949	34543	unaligned
CONTIG	NODE_32_length_31999_cov_7.818244	31999	unaligned
CONTIG	NODE_33_length_29368_cov_7.246000	29368	unaligned
CONTIG	NODE_34_length_27747_cov_5.704066	27747	unaligned
CONTIG	NODE_35_length_27738_cov_11.546725	27738	unaligned
CONTIG	NODE_36_length_26346_cov_6.770910	26346	unaligned
CONTIG	NODE_37_length_25585_cov_6.202350	25585	unaligned
3833	3951	17623	17505	NIPH706_fig_1217716.5.peg.985	NODE_38_length_25447_cov_10.170959	92.44		False
3835	3951	17621	17505	NIPH991_fig_1217656.10.peg.1177	NODE_38_length_25447_cov_10.170959	94.87		True
CONTIG	NODE_38_length_25447_cov_10.170959	25447	correct_unaligned
CONTIG	NODE_39_length_21948_cov_7.627735	21948	unaligned
CONTIG	NODE_40_length_13843_cov_6.274369	13843	unaligned
CONTIG	NODE_41_length_13351_cov_6.784146	13351	unaligned
CONTIG	NODE_42_length_13046_cov_7.743438	13046	unaligned
CONTIG	NODE_43_length_11549_cov_7.015225	11549	unaligned
CONTIG	NODE_44_length_9814_cov_5.275131	9814	unaligned
CONTIG	NODE_45_length_9672_cov_12.123011	9672	unaligned
CONTIG	NODE_46_length_9240_cov_5.902776	9240	unaligned
CONTIG	NODE_47_length_8332_cov_8.370787	8332	unaligned
CONTIG	NODE_48_length_8306_cov_5.715307	8306	unaligned
CONTIG	NODE_49_length_8130_cov_6.596285	8130	unaligned
CONTIG	NODE_50_length_7345_cov_7.277778	7345	unaligned
CONTIG	NODE_51_length_6866_cov_7.382616	6866	unaligned
CONTIG	NODE_52_length_5863_cov_6.560778	5863	unaligned
CONTIG	NODE_53_length_4834_cov_7.834275	4834	unaligned
CONTIG	NODE_54_length_4748_cov_6.288728	4748	unaligned
CONTIG	NODE_55_length_4533_cov_6.882314	4533	unaligned
CONTIG	NODE_56_length_4275_cov_10.425829	4275	unaligned
1	249	2851	3099	ANC4422_fig_1219383.5.peg.2522	NODE_57_length_4055_cov_3.437750	93.6		False
1	296	3099	3394	ANC4422_fig_1219383.5.peg.2523	NODE_57_length_4055_cov_3.437750	92.91		False
200	801	602	1	B5B_NZ_VTDL01000048.1	NODE_57_length_4055_cov_3.437750	96.88		True
indel: indel (> 5bp) [linear representation of circular genome]
6393	8499	2709	603	B5B_NZ_VTDL01000048.1	NODE_57_length_4055_cov_3.437750	95.49		True
interspecies translocation
1	248	2851	3098	A39_fig_1219382.3.peg.13	NODE_57_length_4055_cov_3.437750	94.78		True
translocation
1	296	3099	3394	A39_fig_1219382.3.peg.12	NODE_57_length_4055_cov_3.437750	93.24		True
CONTIG	NODE_57_length_4055_cov_3.437750	4055	misassembled
CONTIG	NODE_58_length_3947_cov_22.141829	3947	unaligned
50026	53926	3900	1	BB362_NZ_JAEQDL010000009.1	NODE_59_length_3906_cov_1.961828	98.31		True
CONTIG	NODE_59_length_3906_cov_1.961828	3906	correct
477	2480	1585	3564	BB362_NZ_JAEQDL010000070.1	NODE_60_length_3880_cov_7.196078	93.37		True
fake: not a misassembly [linear representation of circular genome]
1	316	3565	3880	BB362_NZ_JAEQDL010000070.1	NODE_60_length_3880_cov_7.196078	94.3		True
CONTIG	NODE_60_length_3880_cov_7.196078	3880	correct
CONTIG	NODE_61_length_3601_cov_8.178511	3601	unaligned
CONTIG	NODE_62_length_3324_cov_4.969716	3324	unaligned
CONTIG	NODE_63_length_3269_cov_3.894213	3269	unaligned
239	422	2337	2154	FNA3_NZ_VTDT01000083.1	NODE_64_length_3139_cov_3.165694	96.74		False
646	931	739	1024	A39_fig_1219382.3.peg.829	NODE_64_length_3139_cov_3.165694	91.26		True
unknown
239	422	2337	2154	SCC474reference_NZ_VTDT01000083.1	NODE_64_length_3139_cov_3.165694	96.74		True
unknown
CONTIG	NODE_64_length_3139_cov_3.165694	3139	mis_unaligned
CONTIG	NODE_65_length_3049_cov_2.572144	3049	unaligned
CONTIG	NODE_66_length_3016_cov_5.662614	3016	unaligned
CONTIG	NODE_67_length_3007_cov_5.829607	3007	unaligned
CONTIG	NODE_68_length_2946_cov_10.047734	2946	unaligned
CONTIG	NODE_69_length_2934_cov_5.434526	2934	unaligned
4020	5815	906	2698	EC034_NZ_JAERJB010000035.1	NODE_70_length_2698_cov_3.130533	96.77		False
352	2147	2698	906	EC031_NZ_JAERJC010000022.1	NODE_70_length_2698_cov_3.130533	96.77		True
CONTIG	NODE_70_length_2698_cov_3.130533	2698	correct
CONTIG	NODE_71_length_2664_cov_4.295132	2664	unaligned
42008	44591	1	2584	EC034_NZ_JAERJB010000004.1	NODE_72_length_2609_cov_2.519186	98.07	True	True
38690	41273	1	2584	EC031_NZ_JAERJC010000008.1	NODE_72_length_2609_cov_2.519186	98.07	True	True
40814	43397	1	2584	BB226_NZ_JAEQDM010000013.1	NODE_72_length_2609_cov_2.519186	97.68	True	True
CONTIG	NODE_72_length_2609_cov_2.519186	2609	ambiguous
1	82	711	630	A39_fig_1219382.3.peg.1268	NODE_73_length_2536_cov_11.359129	97.56		True
CONTIG	NODE_73_length_2536_cov_11.359129	2536	correct_unaligned
CONTIG	NODE_74_length_2506_cov_2.612811	2506	unaligned
86816	88242	2428	1002	EC031_NZ_JAERJC010000011.1	NODE_75_length_2430_cov_2.477474	99.16		False
1	1428	1002	2428	BB226_NZ_JAEQDM010000035.1	NODE_75_length_2430_cov_2.477474	98.39		False
90	1090	1001	1	BB362_NZ_JAEQDL010000079.1	NODE_75_length_2430_cov_2.477474	98.9		True
interspecies translocation
74245	75671	2428	1002	EC034_NZ_JAERJB010000014.1	NODE_75_length_2430_cov_2.477474	99.16		True
CONTIG	NODE_75_length_2430_cov_2.477474	2430	misassembled
CONTIG	NODE_76_length_2409_cov_2.959643	2409	unaligned
18276	20666	1	2385	EC031_NZ_JAERJC010000004.1	NODE_77_length_2385_cov_1.804292	95.4	True	True
18276	20666	1	2385	EC034_NZ_JAERJB010000028.1	NODE_77_length_2385_cov_1.804292	95.4	True	True
CONTIG	NODE_77_length_2385_cov_1.804292	2385	ambiguous
CONTIG	NODE_78_length_2346_cov_5.834134	2346	unaligned
CONTIG	NODE_79_length_2291_cov_5.946333	2291	unaligned
14847	17084	1	2238	BB362_NZ_JAEQDL010000011.1	NODE_80_length_2238_cov_2.058177	98.97	True	True
52605	54841	2238	1	EC034_NZ_JAERJB010000015.1	NODE_80_length_2238_cov_2.058177	98.7	True	True
157716	159952	1	2238	EC031_NZ_JAERJC010000004.1	NODE_80_length_2238_cov_2.058177	98.7	True	True
9275	11511	2	2238	BB226_NZ_JAEQDM010000003.1	NODE_80_length_2238_cov_2.058177	98.21	True	True
CONTIG	NODE_80_length_2238_cov_2.058177	2238	ambiguous
7087	7476	1807	1418	EC034_NZ_JAERJB010000037.1	NODE_81_length_2236_cov_2.544246	93.85		False
8887	10293	1406	1	BB226_NZ_JAEQDM010000049.1	NODE_81_length_2236_cov_2.544246	94.1		True
interspecies translocation
8129	8518	1418	1807	EC031_NZ_JAERJC010000030.1	NODE_81_length_2236_cov_2.544246	93.85		True
CONTIG	NODE_81_length_2236_cov_2.544246	2236	misassembled
34851	37076	2229	6	EC034_NZ_JAERJB010000010.1	NODE_82_length_2229_cov_2.016099	97.4	True	True
178101	180326	6	2229	EC031_NZ_JAERJC010000001.1	NODE_82_length_2229_cov_2.016099	97.4	True	True
CONTIG	NODE_82_length_2229_cov_2.016099	2229	ambiguous
CONTIG	NODE_83_length_2227_cov_45.083794	2227	unaligned
46631	48850	1	2219	BB226_NZ_JAEQDM010000011.1	NODE_84_length_2219_cov_1.605360	98.2	True	True
49460	51678	1	2219	BB362_NZ_JAEQDL010000001.1	NODE_84_length_2219_cov_1.605360	98.15	True	True
8854	11072	1	2219	EC034_NZ_JAERJB010000020.1	NODE_84_length_2219_cov_1.605360	97.66	True	True
148982	151200	1	2219	EC031_NZ_JAERJC010000002.1	NODE_84_length_2219_cov_1.605360	97.66	True	True
CONTIG	NODE_84_length_2219_cov_1.605360	2219	ambiguous
76	873	1	798	A39_fig_1219382.3.peg.67	NODE_85_length_2213_cov_3.070436	99.37		True
translocation
223	1179	2213	1257	A39_fig_1219382.3.peg.68	NODE_85_length_2213_cov_3.070436	99.48		True
CONTIG	NODE_85_length_2213_cov_3.070436	2213	misassembled
CONTIG	NODE_86_length_2189_cov_5.470947	2189	unaligned
1	546	546	1	A39_fig_1219382.3.peg.82	NODE_87_length_2166_cov_2.356703	97.62		True
interspecies translocation
3483	4637	670	1825	BB362_NZ_JAEQDL010000067.1	NODE_87_length_2166_cov_2.356703	96.11		True
interspecies translocation
4109	4332	2166	1943	EC031_NZ_JAERJC010000034.1	NODE_87_length_2166_cov_2.356703	98.21		True
CONTIG	NODE_87_length_2166_cov_2.356703	2166	misassembled
10630	10770	1372	1512	EC034_NZ_JAERJB010000035.1	NODE_88_length_2159_cov_2.232414	94.33		False
1	298	1513	1810	EC034_NZ_JAERJB010000035.1	NODE_88_length_2159_cov_2.232414	93.96		False
5869	6307	1810	1372	EC031_NZ_JAERJC010000022.1	NODE_88_length_2159_cov_2.232414	94.08		True
CONTIG	NODE_88_length_2159_cov_2.232414	2159	correct_unaligned
62665	64791	1	2128	BB226_NZ_JAEQDM010000017.1	NODE_89_length_2128_cov_2.213218	97.56	True	True
45401	47523	5	2128	BB362_NZ_JAEQDL010000009.1	NODE_89_length_2128_cov_2.213218	97.51	True	True
54272	56394	5	2128	EC034_NZ_JAERJB010000016.1	NODE_89_length_2128_cov_2.213218	97.27	True	True
54272	56394	5	2128	EC031_NZ_JAERJC010000013.1	NODE_89_length_2128_cov_2.213218	97.27	True	True
CONTIG	NODE_89_length_2128_cov_2.213218	2128	ambiguous
253	422	2038	1869	FNA3_NZ_VTDT01000083.1	NODE_90_length_2112_cov_9.075839	97.06		False
7314	7534	1220	1440	BB362_NZ_JAEQDL010000048.1	NODE_90_length_2112_cov_9.075839	91.56		False
1	972	134	1105	A39_fig_1219382.3.peg.829	NODE_90_length_2112_cov_9.075839	100.0		True
interspecies translocation
574	793	1222	1442	SCC477_NZ_VTDQ01000065.1	NODE_90_length_2112_cov_9.075839	91.86		True
interspecies translocation
253	422	2038	1869	SCC474reference_NZ_VTDT01000083.1	NODE_90_length_2112_cov_9.075839	97.06		True
CONTIG	NODE_90_length_2112_cov_9.075839	2112	misassembled
18137	20336	2083	1	EC031_NZ_JAERJC010000007.1	NODE_91_length_2083_cov_2.143984	91.19	True	True
18145	20344	2083	1	EC034_NZ_JAERJB010000003.1	NODE_91_length_2083_cov_2.143984	91.19	True	True
CONTIG	NODE_91_length_2083_cov_2.143984	2083	ambiguous
CONTIG	NODE_92_length_2071_cov_3.205853	2071	unaligned
16675	18748	1	2068	BB362_NZ_JAEQDL010000021.1	NODE_93_length_2068_cov_1.854446	97.88	True	True
11201	13274	1	2068	BB226_NZ_JAEQDM010000028.1	NODE_93_length_2068_cov_1.854446	97.06	True	True
CONTIG	NODE_93_length_2068_cov_1.854446	2068	ambiguous
2284	4343	1	2060	BB226_NZ_JAEQDM010000006.1	NODE_94_length_2060_cov_2.102244	97.43	True	True
19596	21655	1	2060	EC034_NZ_JAERJB010000005.1	NODE_94_length_2060_cov_2.102244	97.33	True	True
104909	106968	2060	1	EC031_NZ_JAERJC010000001.1	NODE_94_length_2060_cov_2.102244	97.33	True	True
36795	38854	2060	1	BB362_NZ_JAEQDL010000007.1	NODE_94_length_2060_cov_2.102244	96.71	True	True
CONTIG	NODE_94_length_2060_cov_2.102244	2060	ambiguous
CONTIG	NODE_95_length_2032_cov_11.391502	2032	unaligned
8358	10379	2021	1	EC034_NZ_JAERJB010000015.1	NODE_96_length_2021_cov_2.070702	98.37	True	True
202178	204199	1	2021	EC031_NZ_JAERJC010000004.1	NODE_96_length_2021_cov_2.070702	98.37	True	True
53842	55864	1	2021	BB226_NZ_JAEQDM010000003.1	NODE_96_length_2021_cov_2.070702	98.07	True	True
CONTIG	NODE_96_length_2021_cov_2.070702	2021	ambiguous
13988	15666	1	1679	EC034_NZ_JAERJB010000013.1	NODE_97_length_2009_cov_3.300409	98.27		False
95722	97400	1679	1	EC031_NZ_JAERJC010000004.1	NODE_97_length_2009_cov_3.300409	98.27		False
1	695	694	1	FNA11_NZ_VTDS01000004.1	NODE_97_length_2009_cov_3.300409	96.26		False
1	727	727	1	BB226_NZ_JAEQDM010000038.1	NODE_97_length_2009_cov_3.300409	99.31		False
1884	2133	2009	1760	A39_fig_1219382.3.peg.233	NODE_97_length_2009_cov_3.300409	99.2		False
1884	2133	2009	1760	ANC4422_fig_1219383.5.peg.2159	NODE_97_length_2009_cov_3.300409	94.4		False
3418	4880	2009	547	BB226_NZ_JAEQDM010000060.1	NODE_97_length_2009_cov_3.300409	98.77		False
114124	115648	485	2009	BB362_NZ_JAEQDL010000001.1	NODE_97_length_2009_cov_3.300409	98.95		False
20076	21754	1679	1	BB362_NZ_JAEQDL010000012.1	NODE_97_length_2009_cov_3.300409	98.75		True
interspecies translocation
1884	2133	2009	1760	CIP110549_fig_1392540.14.peg.1115	NODE_97_length_2009_cov_3.300409	100.0		True
CONTIG	NODE_97_length_2009_cov_3.300409	2009	misassembled
93151	95155	1	2005	BB226_NZ_JAEQDM010000005.1	NODE_98_length_2005_cov_1.880513	98.25		True
CONTIG	NODE_98_length_2005_cov_1.880513	2005	correct
CONTIG	NODE_99_length_2001_cov_6.674717	2001	unaligned
81898	83894	1997	1	BB226_NZ_JAEQDM010000005.1	NODE_100_length_1997_cov_1.923790	99.1	True	True
45428	47424	1	1997	EC034_NZ_JAERJB010000013.1	NODE_100_length_1997_cov_1.923790	98.45	True	True
63964	65960	1997	1	EC031_NZ_JAERJC010000004.1	NODE_100_length_1997_cov_1.923790	98.45	True	True
CONTIG	NODE_100_length_1997_cov_1.923790	1997	ambiguous
60552	62536	1987	1	BB226_NZ_JAEQDM010000009.1	NODE_101_length_1987_cov_2.885093	97.44	True	True
38638	40623	1	1987	BB362_NZ_JAEQDL010000003.1	NODE_101_length_1987_cov_2.885093	96.88	True	True
CONTIG	NODE_101_length_1987_cov_2.885093	1987	ambiguous
5027	6204	1184	1	SCC477_NZ_VTDQ01000064.1	NODE_102_length_1977_cov_4.360562	95.95		True
CONTIG	NODE_102_length_1977_cov_4.360562	1977	correct
CONTIG	NODE_103_length_1974_cov_3.788953	1974	unaligned
14869	16811	14	1955	BB226_NZ_JAEQDM010000034.1	NODE_104_length_1955_cov_2.057368	95.11	True	True
2178	4120	1955	14	EC034_NZ_JAERJB010000032.1	NODE_104_length_1955_cov_2.057368	94.96	True	True
2178	4120	1955	14	EC031_NZ_JAERJC010000016.1	NODE_104_length_1955_cov_2.057368	94.96	True	True
CONTIG	NODE_104_length_1955_cov_2.057368	1955	ambiguous
18899	20844	1	1946	BB226_NZ_JAEQDM010000022.1	NODE_105_length_1951_cov_1.874473	97.07		True
CONTIG	NODE_105_length_1951_cov_1.874473	1951	correct
CONTIG	NODE_106_length_1912_cov_6.204093	1912	unaligned
26496	28401	1906	1	EC034_NZ_JAERJB010000026.1	NODE_107_length_1906_cov_2.598055	98.27	True	True
219688	221593	1906	1	EC031_NZ_JAERJC010000003.1	NODE_107_length_1906_cov_2.598055	98.27	True	True
CONTIG	NODE_107_length_1906_cov_2.598055	1906	ambiguous
11689	13586	1	1899	EC034_NZ_JAERJB010000036.1	NODE_108_length_1899_cov_1.983189	98.37	True	True
2633	4530	1899	1	EC031_NZ_JAERJC010000024.1	NODE_108_length_1899_cov_1.983189	98.37	True	True
2755	4651	1899	1	BB226_NZ_JAEQDM010000036.1	NODE_108_length_1899_cov_1.983189	98.21	True	True
2613	4509	1899	1	BB362_NZ_JAEQDL010000061.1	NODE_108_length_1899_cov_1.983189	98.1	True	True
CONTIG	NODE_108_length_1899_cov_1.983189	1899	ambiguous
20830	22720	3	1893	BB226_NZ_JAEQDM010000021.1	NODE_109_length_1893_cov_3.252448	98.04		True
CONTIG	NODE_109_length_1893_cov_3.252448	1893	correct
CONTIG	NODE_110_length_1886_cov_36.682141	1886	unaligned
CONTIG	NODE_111_length_1883_cov_8.562910	1883	unaligned
212	2023	1	1863	BB226_NZ_JAEQDM010000017.1	NODE_112_length_1863_cov_2.256637	95.38		True
CONTIG	NODE_112_length_1863_cov_2.256637	1863	correct
7927	9771	1	1844	BB362_NZ_JAEQDL010000013.1	NODE_113_length_1849_cov_2.464326	95.73	True	True
71220	73067	1849	1	EC034_NZ_JAERJB010000012.1	NODE_113_length_1849_cov_2.464326	95.41	True	True
71040	72887	1849	1	EC031_NZ_JAERJC010000002.1	NODE_113_length_1849_cov_2.464326	95.41	True	True
72474	74261	1792	3	BB226_NZ_JAEQDM010000012.1	NODE_113_length_1849_cov_2.464326	97.82	True	True
CONTIG	NODE_113_length_1849_cov_2.464326	1849	ambiguous
47682	49528	1847	1	BB226_NZ_JAEQDM010000017.1	NODE_114_length_1847_cov_2.721540	98.59	True	True
39288	41134	1847	1	EC034_NZ_JAERJB010000016.1	NODE_114_length_1847_cov_2.721540	97.73	True	True
39288	41134	1847	1	EC031_NZ_JAERJC010000013.1	NODE_114_length_1847_cov_2.721540	97.73	True	True
CONTIG	NODE_114_length_1847_cov_2.721540	1847	ambiguous
CONTIG	NODE_115_length_1844_cov_6.368362	1844	unaligned
24262	26103	1	1842	BB362_NZ_JAEQDL010000005.1	NODE_116_length_1842_cov_2.574147	98.32	True	True
77590	79431	1	1842	EC031_NZ_JAERJC010000007.1	NODE_116_length_1842_cov_2.574147	98.21	True	True
77598	79439	1	1842	EC034_NZ_JAERJB010000003.1	NODE_116_length_1842_cov_2.574147	98.21	True	True
55369	57210	1842	1	BB226_NZ_JAEQDM010000014.1	NODE_116_length_1842_cov_2.574147	98.1	True	True
CONTIG	NODE_116_length_1842_cov_2.574147	1842	ambiguous
72943	74807	3	1829	BB226_NZ_JAEQDM010000001.1	NODE_117_length_1829_cov_1.816798	95.6	True	True
8454	10321	1829	1	EC034_NZ_JAERJB010000041.1	NODE_117_length_1829_cov_1.816798	95.34	True	True
896	2763	1	1829	EC031_NZ_JAERJC010000011.1	NODE_117_length_1829_cov_1.816798	95.34	True	True
CONTIG	NODE_117_length_1829_cov_1.816798	1829	ambiguous
CONTIG	NODE_118_length_1827_cov_5.116817	1827	unaligned
28558	30380	1822	1	BB362_NZ_JAEQDL010000005.1	NODE_119_length_1822_cov_1.865308	99.18		True
CONTIG	NODE_119_length_1822_cov_1.865308	1822	correct
CONTIG	NODE_120_length_1800_cov_4.122063	1800	unaligned
1722	2470	1508	760	BB362_NZ_JAEQDL010000067.1	NODE_121_length_1797_cov_3.148106	93.48		True
CONTIG	NODE_121_length_1797_cov_3.148106	1797	correct_unaligned
1	188	320	133	EC031_NZ_JAERJC010000036.1	NODE_122_length_1795_cov_3.750000	95.74		False
1080	1267	133	320	EC034_NZ_JAERJB010000051.1	NODE_122_length_1795_cov_3.750000	95.26		False
1	321	320	1	EC034_NZ_JAERJB010000002.1	NODE_122_length_1795_cov_3.750000	95.02		False
1315	1655	1	341	BB226_NZ_JAEQDM010000067.1	NODE_122_length_1795_cov_3.750000	96.48		False
1	138	261	398	CIP110549_fig_1392540.14.peg.2339	NODE_122_length_1795_cov_3.750000	100.0		False
1	221	1279	1499	BB226_NZ_JAEQDM010000044.1	NODE_122_length_1795_cov_3.750000	95.48		False
1	1041	459	1499	CIP110549_fig_1392540.14.peg.2244	NODE_122_length_1795_cov_3.750000	96.73		False
1	1323	261	1583	A39_fig_1219382.3.peg.994	NODE_122_length_1795_cov_3.750000	96.75		False
1	183	1613	1795	A39_fig_1219382.3.peg.995	NODE_122_length_1795_cov_3.750000	99.45		False
47346	47837	1795	1304	EC034_NZ_JAERJB010000021.1	NODE_122_length_1795_cov_3.750000	97.76		False
159727	160218	1795	1304	EC031_NZ_JAERJC010000005.1	NODE_122_length_1795_cov_3.750000	97.76		False
69688	70204	1795	1279	BB226_NZ_JAEQDM010000015.1	NODE_122_length_1795_cov_3.750000	97.49		False
112172	112432	1	260	EC031_NZ_JAERJC010000009.1	NODE_122_length_1795_cov_3.750000	95.02		True
interspecies translocation
1	1323	261	1583	CIP110549_fig_1392540.14.peg.1539	NODE_122_length_1795_cov_3.750000	97.28		True
translocation
1	183	1613	1795	CIP110549_fig_1392540.14.peg.1538	NODE_122_length_1795_cov_3.750000	99.45		True
CONTIG	NODE_122_length_1795_cov_3.750000	1795	misassembled
30217	31978	1764	3	BB362_NZ_JAEQDL010000016.1	NODE_123_length_1778_cov_2.393500	97.45	True	True
54058	55819	3	1764	EC031_NZ_JAERJC010000014.1	NODE_123_length_1778_cov_2.393500	97.05	True	True
79095	80856	1764	3	BB226_NZ_JAEQDM010000003.1	NODE_123_length_1778_cov_2.393500	96.82	True	True
CONTIG	NODE_123_length_1778_cov_2.393500	1778	ambiguous
55902	57672	1771	1	BB226_NZ_JAEQDM010000017.1	NODE_124_length_1771_cov_1.912587	98.48	True	True
47506	49276	1771	1	EC031_NZ_JAERJC010000013.1	NODE_124_length_1771_cov_1.912587	98.42	True	True
47506	49276	1771	1	EC034_NZ_JAERJB010000016.1	NODE_124_length_1771_cov_1.912587	98.42	True	True
38653	40405	1753	1	BB362_NZ_JAEQDL010000009.1	NODE_124_length_1771_cov_1.912587	98.75	True	True
CONTIG	NODE_124_length_1771_cov_1.912587	1771	ambiguous
16679	18442	1	1764	BB362_NZ_JAEQDL010000003.1	NODE_125_length_1764_cov_2.991223	97.45	True	True
91161	92924	1764	1	EC031_NZ_JAERJC010000009.1	NODE_125_length_1764_cov_2.991223	97.05	True	True
19569	21332	1	1764	EC034_NZ_JAERJB010000002.1	NODE_125_length_1764_cov_2.991223	97.05	True	True
CONTIG	NODE_125_length_1764_cov_2.991223	1764	ambiguous
25348	26031	1069	1752	EC034_NZ_JAERJB010000026.1	NODE_126_length_1758_cov_1.979448	97.51		False
1	969	969	1	A39_fig_1219382.3.peg.1656	NODE_126_length_1758_cov_1.979448	99.38		True
interspecies translocation
218540	219223	1069	1752	EC031_NZ_JAERJC010000003.1	NODE_126_length_1758_cov_1.979448	97.51		True
CONTIG	NODE_126_length_1758_cov_1.979448	1758	misassembled
251	1987	1755	1	BB226_NZ_JAEQDM010000051.1	NODE_127_length_1755_cov_2.433529	97.27	True	True
251	1987	1755	1	EC034_NZ_JAERJB010000025.1	NODE_127_length_1755_cov_2.433529	96.64	True	True
15484	17220	1	1755	EC031_NZ_JAERJC010000023.1	NODE_127_length_1755_cov_2.433529	96.64	True	True
CONTIG	NODE_127_length_1755_cov_2.433529	1755	ambiguous
16057	17807	1751	1	BB362_NZ_JAEQDL010000030.1	NODE_128_length_1751_cov_2.723467	98.4	True	True
29905	31649	1	1751	EC031_NZ_JAERJC010000007.1	NODE_128_length_1751_cov_2.723467	97.77	True	True
29913	31657	1	1751	EC034_NZ_JAERJB010000003.1	NODE_128_length_1751_cov_2.723467	97.77	True	True
26578	28318	1751	11	BB226_NZ_JAEQDM010000019.1	NODE_128_length_1751_cov_2.723467	98.22	True	True
CONTIG	NODE_128_length_1751_cov_2.723467	1751	ambiguous
86485	88233	1750	2	BB226_NZ_JAEQDM010000005.1	NODE_129_length_1750_cov_2.397640	98.28	True	True
30030	31779	1750	1	BB362_NZ_JAEQDL010000023.1	NODE_129_length_1750_cov_2.397640	98.06	True	True
68551	70300	1750	1	EC031_NZ_JAERJC010000004.1	NODE_129_length_1750_cov_2.397640	97.6	True	True
41088	42837	1	1750	EC034_NZ_JAERJB010000013.1	NODE_129_length_1750_cov_2.397640	97.6	True	True
CONTIG	NODE_129_length_1750_cov_2.397640	1750	ambiguous
14908	16650	1	1743	EC034_NZ_JAERJB010000022.1	NODE_130_length_1743_cov_2.799763	98.39	True	True
15205	16947	1	1743	EC031_NZ_JAERJC010000006.1	NODE_130_length_1743_cov_2.799763	98.39	True	True
7155	8896	1743	1	BB362_NZ_JAEQDL010000044.1	NODE_130_length_1743_cov_2.799763	98.05	True	True
CONTIG	NODE_130_length_1743_cov_2.799763	1743	ambiguous
CONTIG	NODE_131_length_1738_cov_7.970885	1738	unaligned
51452	53180	1731	1	BB226_NZ_JAEQDM010000006.1	NODE_132_length_1731_cov_2.188544	99.13	True	True
34926	36654	1	1731	BB362_NZ_JAEQDL010000015.1	NODE_132_length_1731_cov_2.188544	99.08	True	True
56070	57797	2	1731	EC031_NZ_JAERJC010000001.1	NODE_132_length_1731_cov_2.188544	98.5	True	True
68767	70494	1731	2	EC034_NZ_JAERJB010000005.1	NODE_132_length_1731_cov_2.188544	98.5	True	True
CONTIG	NODE_132_length_1731_cov_2.188544	1731	ambiguous
84936	86666	1	1731	BB226_NZ_JAEQDM010000011.1	NODE_133_length_1731_cov_1.879475	98.96		True
CONTIG	NODE_133_length_1731_cov_1.879475	1731	correct
22637	24364	1	1728	BB226_NZ_JAEQDM010000026.1	NODE_134_length_1728_cov_2.326958	97.16	True	True
22399	24117	9	1728	EC031_NZ_JAERJC010000012.1	NODE_134_length_1728_cov_2.326958	97.33	True	True
60264	61982	1728	9	EC034_NZ_JAERJB010000011.1	NODE_134_length_1728_cov_2.326958	97.33	True	True
CONTIG	NODE_134_length_1728_cov_2.326958	1728	ambiguous
130404	132131	1728	1	BB226_NZ_JAEQDM010000001.1	NODE_135_length_1728_cov_2.075314	97.74	True	True
45775	47502	1728	1	EC034_NZ_JAERJB010000014.1	NODE_135_length_1728_cov_2.075314	97.45	True	True
58346	60073	1728	1	EC031_NZ_JAERJC010000011.1	NODE_135_length_1728_cov_2.075314	97.45	True	True
5674	7401	1728	1	BB362_NZ_JAEQDL010000034.1	NODE_135_length_1728_cov_2.075314	96.99	True	True
CONTIG	NODE_135_length_1728_cov_2.075314	1728	ambiguous
CONTIG	NODE_136_length_1724_cov_1.851408	1724	unaligned
84113	85825	1717	6	BB362_NZ_JAEQDL010000003.1	NODE_137_length_1717_cov_2.460890	97.66	True	True
1223	2935	6	1717	BB226_NZ_JAEQDM010000009.1	NODE_137_length_1717_cov_2.460890	96.85	True	True
87526	89238	1717	6	EC034_NZ_JAERJB010000002.1	NODE_137_length_1717_cov_2.460890	96.85	True	True
23255	24967	6	1717	EC031_NZ_JAERJC010000009.1	NODE_137_length_1717_cov_2.460890	96.85	True	True
CONTIG	NODE_137_length_1717_cov_2.460890	1717	ambiguous
58887	60600	1714	1	BB226_NZ_JAEQDM010000018.1	NODE_138_length_1714_cov_1.703436	98.95		True
CONTIG	NODE_138_length_1714_cov_1.703436	1714	correct
46795	48501	1707	1	BB226_NZ_JAEQDM010000005.1	NODE_139_length_1707_cov_2.518765	98.24	True	True
41605	43311	1707	1	EC031_NZ_JAERJC010000004.1	NODE_139_length_1707_cov_2.518765	98.24	True	True
68077	69783	1	1707	EC034_NZ_JAERJB010000013.1	NODE_139_length_1707_cov_2.518765	98.24	True	True
6118	7824	1707	1	BB362_NZ_JAEQDL010000023.1	NODE_139_length_1707_cov_2.518765	98.13	True	True
CONTIG	NODE_139_length_1707_cov_2.518765	1707	ambiguous
200151	201857	1	1707	EC031_NZ_JAERJC010000002.1	NODE_140_length_1707_cov_2.226998	97.36	True	True
8128	9834	1	1707	EC034_NZ_JAERJB010000023.1	NODE_140_length_1707_cov_2.226998	97.36	True	True
6060	7764	1	1705	BB226_NZ_JAEQDM010000024.1	NODE_140_length_1707_cov_2.226998	97.01	True	True
CONTIG	NODE_140_length_1707_cov_2.226998	1707	ambiguous
121122	122822	4	1704	BB226_NZ_JAEQDM010000003.1	NODE_141_length_1704_cov_2.337174	98.94	True	True
28050	29750	4	1704	BB362_NZ_JAEQDL010000017.1	NODE_141_length_1704_cov_2.337174	98.06	True	True
CONTIG	NODE_141_length_1704_cov_2.337174	1704	ambiguous
3394	5090	1	1697	BB226_NZ_JAEQDM010000017.1	NODE_142_length_1697_cov_3.149817	97.76		True
CONTIG	NODE_142_length_1697_cov_3.149817	1697	correct
10013	11696	1685	1	BB226_NZ_JAEQDM010000029.1	NODE_143_length_1686_cov_2.212753	97.74	True	True
20172	21857	1	1686	EC034_NZ_JAERJB010000027.1	NODE_143_length_1686_cov_2.212753	97.03	True	True
122967	124652	1686	1	EC031_NZ_JAERJC010000004.1	NODE_143_length_1686_cov_2.212753	97.03	True	True
CONTIG	NODE_143_length_1686_cov_2.212753	1686	ambiguous
5212	6892	1681	1	BB362_NZ_JAEQDL010000058.1	NODE_144_length_1681_cov_2.186347	97.92	True	True
83562	85242	1681	1	EC031_NZ_JAERJC010000011.1	NODE_144_length_1681_cov_2.186347	97.38	True	True
70991	72671	1681	1	EC034_NZ_JAERJB010000014.1	NODE_144_length_1681_cov_2.186347	97.38	True	True
CONTIG	NODE_144_length_1681_cov_2.186347	1681	ambiguous
321	1869	1551	1	BB362_NZ_JAEQDL010000004.1	NODE_145_length_1681_cov_2.147601	95.88		True
CONTIG	NODE_145_length_1681_cov_2.147601	1681	correct
63315	64981	1	1667	BB226_NZ_JAEQDM010000004.1	NODE_146_length_1667_cov_2.338710	98.8	True	True
54038	55704	1	1667	EC034_NZ_JAERJB010000008.1	NODE_146_length_1667_cov_2.338710	98.68	True	True
63234	64900	1	1667	EC031_NZ_JAERJC010000005.1	NODE_146_length_1667_cov_2.338710	98.68	True	True
CONTIG	NODE_146_length_1667_cov_2.338710	1667	ambiguous
50724	52378	1654	1	EC031_NZ_JAERJC010000006.1	NODE_147_length_1660_cov_1.880997	99.64	True	True
104811	106465	1	1654	EC034_NZ_JAERJB010000007.1	NODE_147_length_1660_cov_1.880997	99.64	True	True
1567	3221	1	1654	BB226_NZ_JAEQDM010000020.1	NODE_147_length_1660_cov_1.880997	99.4	True	True
CONTIG	NODE_147_length_1660_cov_1.880997	1660	ambiguous
1	248	248	1	A39_fig_1219382.3.peg.68	NODE_148_length_1651_cov_2.879073	98.39		True
interspecies translocation
23	357	395	729	CIP110549_fig_1392540.14.peg.2526	NODE_148_length_1651_cov_2.879073	94.63		True
interspecies translocation
288	756	1265	796	A39_fig_1219382.3.peg.69	NODE_148_length_1651_cov_2.879073	99.15		True
indel: indel (> 5bp)
3	287	1651	1367	A39_fig_1219382.3.peg.69	NODE_148_length_1651_cov_2.879073	95.09		True
CONTIG	NODE_148_length_1651_cov_2.879073	1651	misassembled
27540	29185	1646	1	BB362_NZ_JAEQDL010000007.1	NODE_149_length_1646_cov_1.969202	98.72	True	True
11953	13599	1	1646	BB226_NZ_JAEQDM010000006.1	NODE_149_length_1646_cov_1.969202	98.48	True	True
95649	97299	1646	1	EC031_NZ_JAERJC010000001.1	NODE_149_length_1646_cov_1.969202	98.06	True	True
29265	30915	1	1646	EC034_NZ_JAERJB010000005.1	NODE_149_length_1646_cov_1.969202	98.06	True	True
CONTIG	NODE_149_length_1646_cov_1.969202	1646	ambiguous
26061	27705	1	1645	EC034_NZ_JAERJB010000013.1	NODE_150_length_1645_cov_2.138994	98.24	True	True
83683	85327	1645	1	EC031_NZ_JAERJC010000004.1	NODE_150_length_1645_cov_2.138994	98.24	True	True
101619	103269	1645	1	BB226_NZ_JAEQDM010000005.1	NODE_150_length_1645_cov_2.138994	97.82	True	True
CONTIG	NODE_150_length_1645_cov_2.138994	1645	ambiguous
7318	8961	1	1644	BB362_NZ_JAEQDL010000056.1	NODE_151_length_1644_cov_3.676526	98.36	True	True
2429	4075	1644	1	FNA3_NZ_VTDT01000044.1	NODE_151_length_1644_cov_3.676526	97.94	True	True
1123	2769	1644	1	FNA11_NZ_VTDS01000038.1	NODE_151_length_1644_cov_3.676526	97.94	True	True
2429	4075	1644	1	SCC474reference_NZ_VTDT01000044.1	NODE_151_length_1644_cov_3.676526	97.94	True	True
CONTIG	NODE_151_length_1644_cov_3.676526	1644	ambiguous
727	942	856	1071	ANC4422_fig_1219383.5.peg.2518	NODE_152_length_1644_cov_1.880428	95.83		True
CONTIG	NODE_152_length_1644_cov_1.880428	1644	correct_unaligned
131876	133512	1637	1	EC031_NZ_JAERJC010000005.1	NODE_153_length_1637_cov_2.164981	97.98	True	True
19495	21131	1637	1	EC034_NZ_JAERJB010000021.1	NODE_153_length_1637_cov_2.164981	97.98	True	True
9311	10948	1637	1	BB226_NZ_JAEQDM010000015.1	NODE_153_length_1637_cov_2.164981	97.44	True	True
10846	12471	1	1626	BB362_NZ_JAEQDL010000012.1	NODE_153_length_1637_cov_2.164981	97.85	True	True
CONTIG	NODE_153_length_1637_cov_2.164981	1637	ambiguous
47558	49186	1628	1	BB362_NZ_JAEQDL010000009.1	NODE_154_length_1628_cov_2.257470	98.71	True	True
64826	66454	1628	1	BB226_NZ_JAEQDM010000017.1	NODE_154_length_1628_cov_2.257470	98.16	True	True
56429	58057	1628	1	EC034_NZ_JAERJB010000016.1	NODE_154_length_1628_cov_2.257470	98.1	True	True
CONTIG	NODE_154_length_1628_cov_2.257470	1628	ambiguous
16077	17699	1	1623	BB362_NZ_JAEQDL010000024.1	NODE_155_length_1623_cov_2.121811	99.01	True	True
15908	17530	1	1623	EC034_NZ_JAERJB010000025.1	NODE_155_length_1623_cov_2.121811	98.58	True	True
CONTIG	NODE_155_length_1623_cov_2.121811	1623	ambiguous
87674	89289	1615	1	BB226_NZ_JAEQDM010000002.1	NODE_156_length_1615_cov_1.817949	97.22	True	True
101698	103312	1	1615	EC031_NZ_JAERJC010000003.1	NODE_156_length_1615_cov_1.817949	96.97	True	True
89058	90672	1615	1	EC034_NZ_JAERJB010000001.1	NODE_156_length_1615_cov_1.817949	96.97	True	True
21288	22902	1	1615	BB362_NZ_JAEQDL010000008.1	NODE_156_length_1615_cov_1.817949	96.53	True	True
CONTIG	NODE_156_length_1615_cov_1.817949	1615	ambiguous
3480	5081	1	1602	BB362_NZ_JAEQDL010000039.1	NODE_157_length_1602_cov_2.385908	99.38	True	True
13141	14742	1602	1	BB226_NZ_JAEQDM010000021.1	NODE_157_length_1602_cov_2.385908	99.13	True	True
CONTIG	NODE_157_length_1602_cov_2.385908	1602	ambiguous
24053	25652	1	1600	BB226_NZ_JAEQDM010000019.1	NODE_158_length_1600_cov_3.006472	98.25	True	True
13532	15131	1	1600	BB362_NZ_JAEQDL010000030.1	NODE_158_length_1600_cov_3.006472	97.69	True	True
CONTIG	NODE_158_length_1600_cov_3.006472	1600	ambiguous
31214	32805	1592	1	BB226_NZ_JAEQDM010000019.1	NODE_159_length_1592_cov_2.778139	98.24	True	True
20693	22281	1592	1	BB362_NZ_JAEQDL010000030.1	NODE_159_length_1592_cov_2.778139	97.42	True	True
25428	27019	1	1592	EC031_NZ_JAERJC010000007.1	NODE_159_length_1592_cov_2.778139	97.36	True	True
25436	27027	1	1592	EC034_NZ_JAERJB010000003.1	NODE_159_length_1592_cov_2.778139	97.36	True	True
CONTIG	NODE_159_length_1592_cov_2.778139	1592	ambiguous
163580	165166	1	1587	BB362_NZ_JAEQDL010000002.1	NODE_160_length_1587_cov_1.706266	97.73	True	True
95516	97102	1587	1	BB226_NZ_JAEQDM010000005.1	NODE_160_length_1587_cov_1.706266	97.73	True	True
CONTIG	NODE_160_length_1587_cov_1.706266	1587	ambiguous
10369	11951	1583	1	EC034_NZ_JAERJB010000038.1	NODE_161_length_1583_cov_2.673429	97.6	True	True
10369	11951	1583	1	EC031_NZ_JAERJC010000018.1	NODE_161_length_1583_cov_2.673429	97.6	True	True
CONTIG	NODE_161_length_1583_cov_2.673429	1583	ambiguous
61	1643	1583	1	CIP110549_fig_1392540.14.peg.995	NODE_162_length_1583_cov_2.543194	99.18	True	True
61	1643	1583	1	A39_fig_1219382.3.peg.398	NODE_162_length_1583_cov_2.543194	98.67	True	True
43872	45454	1583	1	EC034_NZ_JAERJB010000019.1	NODE_162_length_1583_cov_2.543194	98.61	True	True
93764	95346	1	1583	EC031_NZ_JAERJC010000002.1	NODE_162_length_1583_cov_2.543194	98.61	True	True
CONTIG	NODE_162_length_1583_cov_2.543194	1583	ambiguous
3600	5182	1583	1	BB226_NZ_JAEQDM010000040.1	NODE_163_length_1583_cov_1.675393	96.53		True
CONTIG	NODE_163_length_1583_cov_1.675393	1583	correct
40943	42522	1	1579	BB362_NZ_JAEQDL010000002.1	NODE_164_length_1579_cov_2.272966	98.04	True	True
11247	12826	1	1579	EC034_NZ_JAERJB010000008.1	NODE_164_length_1579_cov_2.272966	97.85	True	True
20443	22022	1	1579	EC031_NZ_JAERJC010000005.1	NODE_164_length_1579_cov_2.272966	97.85	True	True
CONTIG	NODE_164_length_1579_cov_2.272966	1579	ambiguous
34030	35602	1	1573	BB226_NZ_JAEQDM010000001.1	NODE_165_length_1573_cov_1.833992	98.16	True	True
72757	74330	1	1573	EC031_NZ_JAERJC010000010.1	NODE_165_length_1573_cov_1.833992	97.46	True	True
37125	38698	1573	1	EC034_NZ_JAERJB010000006.1	NODE_165_length_1573_cov_1.833992	97.46	True	True
CONTIG	NODE_165_length_1573_cov_1.833992	1573	ambiguous
CONTIG	NODE_166_length_1569_cov_2.942536	1569	unaligned
3695	5260	5	1569	EC034_NZ_JAERJB010000014.1	NODE_167_length_1569_cov_1.854029	97.77	True	True
16260	17825	5	1569	EC031_NZ_JAERJC010000011.1	NODE_167_length_1569_cov_1.854029	97.77	True	True
CONTIG	NODE_167_length_1569_cov_1.854029	1569	ambiguous
CONTIG	NODE_168_length_1568_cov_15.696629	1568	unaligned
CONTIG	NODE_169_length_1563_cov_8.061671	1563	unaligned
23619	25175	1559	1	BB226_NZ_JAEQDM010000014.1	NODE_170_length_1559_cov_1.700798	98.08	True	True
56262	57819	1	1559	BB362_NZ_JAEQDL010000005.1	NODE_170_length_1559_cov_1.700798	97.5	True	True
CONTIG	NODE_170_length_1559_cov_1.700798	1559	ambiguous
42481	44011	1531	1	BB362_NZ_JAEQDL010000012.1	NODE_171_length_1537_cov_2.274629	98.24	True	True
5137	6673	1537	1	BB226_NZ_JAEQDM010000029.1	NODE_171_length_1537_cov_2.274629	97.46	True	True
25195	26731	1	1537	EC034_NZ_JAERJB010000027.1	NODE_171_length_1537_cov_2.274629	97.46	True	True
118093	119629	1537	1	EC031_NZ_JAERJC010000004.1	NODE_171_length_1537_cov_2.274629	97.46	True	True
CONTIG	NODE_171_length_1537_cov_2.274629	1537	ambiguous
80755	82287	1537	6	BB226_NZ_JAEQDM010000003.1	NODE_172_length_1537_cov_1.591093	99.54	True	True
31877	33409	1537	6	BB362_NZ_JAEQDL010000016.1	NODE_172_length_1537_cov_1.591093	99.15	True	True
52628	54159	6	1537	EC031_NZ_JAERJC010000014.1	NODE_172_length_1537_cov_1.591093	98.63	True	True
52628	54159	6	1537	EC034_NZ_JAERJB010000018.1	NODE_172_length_1537_cov_1.591093	98.63	True	True
CONTIG	NODE_172_length_1537_cov_1.591093	1537	ambiguous
CONTIG	NODE_173_length_1535_cov_2.472973	1535	unaligned
115019	116536	1	1519	EC031_NZ_JAERJC010000001.1	NODE_174_length_1519_cov_2.000000	98.88	True	True
10028	11545	1519	1	EC034_NZ_JAERJB010000005.1	NODE_174_length_1519_cov_2.000000	98.88	True	True
16995	18512	1519	1	BB226_NZ_JAEQDM010000033.1	NODE_174_length_1519_cov_2.000000	98.62	True	True
CONTIG	NODE_174_length_1519_cov_2.000000	1519	ambiguous
91757	93273	1	1517	BB226_NZ_JAEQDM010000003.1	NODE_175_length_1517_cov_2.323529	98.75	True	True
41643	43159	1517	1	EC034_NZ_JAERJB010000018.1	NODE_175_length_1517_cov_2.323529	98.02	True	True
41643	43159	1517	1	EC031_NZ_JAERJC010000014.1	NODE_175_length_1517_cov_2.323529	98.02	True	True
CONTIG	NODE_175_length_1517_cov_2.323529	1517	ambiguous
CONTIG	NODE_176_length_1511_cov_3.852335	1511	unaligned
13945	15454	1	1510	EC034_NZ_JAERJB010000016.1	NODE_177_length_1510_cov_2.650859	97.75	True	True
13945	15454	1	1510	EC031_NZ_JAERJC010000013.1	NODE_177_length_1510_cov_2.650859	97.75	True	True
23814	25319	1	1507	BB226_NZ_JAEQDM010000017.1	NODE_177_length_1510_cov_2.650859	97.81	True	True
CONTIG	NODE_177_length_1510_cov_2.650859	1510	ambiguous
138690	140183	1494	1	BB362_NZ_JAEQDL010000003.1	NODE_178_length_1494_cov_1.905490	98.13	True	True
422	1905	11	1494	BB226_NZ_JAEQDM010000023.1	NODE_178_length_1494_cov_1.905490	98.45	True	True
CONTIG	NODE_178_length_1494_cov_1.905490	1494	ambiguous
99207	100696	1490	1	BB226_NZ_JAEQDM010000001.1	NODE_179_length_1490_cov_2.078049	98.93	True	True
14592	16081	1490	1	EC034_NZ_JAERJB010000014.1	NODE_179_length_1490_cov_2.078049	98.39	True	True
27157	28646	1490	1	EC031_NZ_JAERJC010000011.1	NODE_179_length_1490_cov_2.078049	98.39	True	True
4362	5851	1	1490	BB362_NZ_JAEQDL010000049.1	NODE_179_length_1490_cov_2.078049	98.32	True	True
CONTIG	NODE_179_length_1490_cov_2.078049	1490	ambiguous
20589	22048	1460	1	BB362_NZ_JAEQDL010000002.1	NODE_180_length_1489_cov_1.551604	97.88		False
1077	2536	1460	1	BB226_NZ_JAEQDM010000004.1	NODE_180_length_1489_cov_1.551604	98.22		True
CONTIG	NODE_180_length_1489_cov_1.551604	1489	correct
32395	33883	1	1486	BB362_NZ_JAEQDL010000025.1	NODE_181_length_1486_cov_2.418588	97.92	True	True
956	2435	1486	7	EC031_NZ_JAERJC010000004.1	NODE_181_length_1486_cov_2.418588	97.36	True	True
956	2435	1486	7	EC034_NZ_JAERJB010000028.1	NODE_181_length_1486_cov_2.418588	97.36	True	True
CONTIG	NODE_181_length_1486_cov_2.418588	1486	ambiguous
5675	7156	1484	3	EC034_NZ_JAERJB010000039.1	NODE_182_length_1484_cov_1.951714	98.38	True	True
219367	220848	3	1484	EC031_NZ_JAERJC010000004.1	NODE_182_length_1484_cov_1.951714	98.38	True	True
71032	72508	3	1479	BB226_NZ_JAEQDM010000003.1	NODE_182_length_1484_cov_1.951714	98.31	True	True
CONTIG	NODE_182_length_1484_cov_1.951714	1484	ambiguous
23787	25265	1	1479	EC034_NZ_JAERJB010000025.1	NODE_183_length_1479_cov_1.656601	98.58	True	True
9575	11053	1479	1	EC031_NZ_JAERJC010000025.1	NODE_183_length_1479_cov_1.656601	98.58	True	True
23958	25436	1	1479	BB362_NZ_JAEQDL010000024.1	NODE_183_length_1479_cov_1.656601	98.17	True	True
CONTIG	NODE_183_length_1479_cov_1.656601	1479	ambiguous
41948	43421	1	1474	BB226_NZ_JAEQDM010000011.1	NODE_184_length_1474_cov_2.105004	99.32		True
CONTIG	NODE_184_length_1474_cov_2.105004	1474	correct
15749	17218	1470	1	BB362_NZ_JAEQDL010000009.1	NODE_185_length_1470_cov_2.270671	97.89		True
CONTIG	NODE_185_length_1470_cov_2.270671	1470	correct
58972	60436	1465	1	BB226_NZ_JAEQDM010000003.1	NODE_186_length_1465_cov_2.787943	98.91	True	True
649	2113	1465	1	CIP110549_fig_1392540.14.peg.1779	NODE_186_length_1465_cov_2.787943	98.23	True	True
649	2113	1465	1	A39_fig_1219382.3.peg.2134	NODE_186_length_1465_cov_2.787943	98.16	True	True
207307	208771	1465	1	EC031_NZ_JAERJC010000004.1	NODE_186_length_1465_cov_2.787943	98.02	True	True
3786	5250	1	1465	EC034_NZ_JAERJB010000015.1	NODE_186_length_1465_cov_2.787943	98.02	True	True
CONTIG	NODE_186_length_1465_cov_2.787943	1465	ambiguous
40205	41669	1	1465	BB226_NZ_JAEQDM010000010.1	NODE_187_length_1465_cov_2.019858	98.09	True	True
15481	16945	1	1465	BB362_NZ_JAEQDL010000018.1	NODE_187_length_1465_cov_2.019858	97.68	True	True
CONTIG	NODE_187_length_1465_cov_2.019858	1465	ambiguous
310	1761	1452	1	CIP110549_fig_1392540.14.peg.1467	NODE_188_length_1452_cov_2.008590	99.17	True	True
310	1761	1452	1	A39_fig_1219382.3.peg.1038	NODE_188_length_1452_cov_2.008590	98.83	True	True
10788	12239	1452	1	BB226_NZ_JAEQDM010000039.1	NODE_188_length_1452_cov_2.008590	98.76	True	True
CONTIG	NODE_188_length_1452_cov_2.008590	1452	ambiguous
16541	17989	1	1450	EC034_NZ_JAERJB010000005.1	NODE_189_length_1450_cov_2.112545	97.38	True	True
108575	110023	1450	1	EC031_NZ_JAERJC010000001.1	NODE_189_length_1450_cov_2.112545	97.38	True	True
CONTIG	NODE_189_length_1450_cov_2.112545	1450	ambiguous
2667	4111	1	1445	EC031_NZ_JAERJC010000034.1	NODE_190_length_1445_cov_2.252518	96.34		True
CONTIG	NODE_190_length_1445_cov_2.252518	1445	correct
CONTIG	NODE_191_length_1444_cov_3.055436	1444	unaligned
49957	51389	1433	1	EC031_NZ_JAERJC010000002.1	NODE_192_length_1443_cov_1.535303	96.58	True	True
50137	51569	1433	1	EC034_NZ_JAERJB010000012.1	NODE_192_length_1443_cov_1.535303	96.58	True	True
49912	51344	1433	1	BB226_NZ_JAEQDM010000012.1	NODE_192_length_1443_cov_1.535303	96.37	True	True
949	2381	1433	1	CIP110549_fig_1392540.14.peg.954	NODE_192_length_1443_cov_1.535303	96.09	True	True
949	2381	1433	1	A39_fig_1219382.3.peg.439	NODE_192_length_1443_cov_1.535303	96.09	True	True
30846	32278	1	1433	BB362_NZ_JAEQDL010000013.1	NODE_192_length_1443_cov_1.535303	95.75	True	True
CONTIG	NODE_192_length_1443_cov_1.535303	1443	ambiguous
13077	14518	1	1442	BB362_NZ_JAEQDL010000039.1	NODE_193_length_1442_cov_2.322999	98.4	True	True
3708	5143	1442	7	BB226_NZ_JAEQDM010000021.1	NODE_193_length_1442_cov_2.322999	98.54	True	True
CONTIG	NODE_193_length_1442_cov_2.322999	1442	ambiguous
10000	11429	1	1430	BB226_NZ_JAEQDM010000019.1	NODE_194_length_1430_cov_2.533818	98.74	True	True
46798	48227	1430	1	EC031_NZ_JAERJC010000007.1	NODE_194_length_1430_cov_2.533818	98.32	True	True
46806	48235	1430	1	EC034_NZ_JAERJB010000003.1	NODE_194_length_1430_cov_2.533818	98.32	True	True
CONTIG	NODE_194_length_1430_cov_2.533818	1430	ambiguous
13271	14704	1	1428	BB226_NZ_JAEQDM010000037.1	NODE_195_length_1428_cov_2.625637	98.54	True	True
19674	21107	1	1428	EC031_NZ_JAERJC010000009.1	NODE_195_length_1428_cov_2.625637	97.98	True	True
91386	92819	1428	1	EC034_NZ_JAERJB010000002.1	NODE_195_length_1428_cov_2.625637	97.98	True	True
CONTIG	NODE_195_length_1428_cov_2.625637	1428	ambiguous
59498	60915	1	1418	BB362_NZ_JAEQDL010000001.1	NODE_196_length_1419_cov_1.808651	98.8		True
CONTIG	NODE_196_length_1419_cov_1.808651	1419	correct
CONTIG	NODE_197_length_1418_cov_2.509905	1418	unaligned
58174	59591	1	1418	BB226_NZ_JAEQDM010000001.1	NODE_198_length_1418_cov_2.002935	98.52		True
CONTIG	NODE_198_length_1418_cov_2.002935	1418	correct
468	1884	1417	1	A39_fig_1219382.3.peg.1039	NODE_199_length_1417_cov_1.685756	99.44	True	True
465	1881	1417	1	CIP110549_fig_1392540.14.peg.1466	NODE_199_length_1417_cov_1.685756	99.36	True	True
CONTIG	NODE_199_length_1417_cov_1.685756	1417	ambiguous
912	2172	1260	1	EC034_NZ_JAERJB010000002.1	NODE_200_length_1416_cov_1.875092	97.86		False
1	900	516	1416	BB226_NZ_JAEQDM010000067.1	NODE_200_length_1416_cov_1.875092	98.34		False
110321	111581	1	1260	EC031_NZ_JAERJC010000009.1	NODE_200_length_1416_cov_1.875092	97.86		True
interspecies translocation
16747	16902	1416	1261	BB362_NZ_JAEQDL010000041.1	NODE_200_length_1416_cov_1.875092	98.39		True
CONTIG	NODE_200_length_1416_cov_1.875092	1416	misassembled
CONTIG	NODE_201_length_1409_cov_1.987445	1409	unaligned
CONTIG	NODE_202_length_1406_cov_2.401925	1406	unaligned
3587	4986	1400	1	BB362_NZ_JAEQDL010000023.1	NODE_203_length_1400_cov_2.496654	98.07	True	True
44264	45663	1400	1	BB226_NZ_JAEQDM010000005.1	NODE_203_length_1400_cov_2.496654	97.64	True	True
39062	40473	1400	1	EC031_NZ_JAERJC010000004.1	NODE_203_length_1400_cov_2.496654	97.31	True	True
70915	72326	1	1400	EC034_NZ_JAERJB010000013.1	NODE_203_length_1400_cov_2.496654	97.31	True	True
CONTIG	NODE_203_length_1400_cov_2.496654	1400	ambiguous
179991	181387	1396	1	BB362_NZ_JAEQDL010000001.1	NODE_204_length_1396_cov_1.920955	92.92	True	True
55533	56925	1396	3	BB226_NZ_JAEQDM010000013.1	NODE_204_length_1396_cov_1.920955	92.9	True	True
CONTIG	NODE_204_length_1396_cov_1.920955	1396	ambiguous
27066	28458	1396	4	FNA11_NZ_VTDS01000014.1	NODE_205_length_1396_cov_1.611484	97.7	True	True
57262	58654	1396	4	SCC474reference_NZ_VTDT01000005.1	NODE_205_length_1396_cov_1.611484	97.7	True	True
57262	58654	1396	4	FNA3_NZ_VTDT01000005.1	NODE_205_length_1396_cov_1.611484	97.7	True	True
30528	31920	1396	4	SCC477_NZ_VTDQ01000004.1	NODE_205_length_1396_cov_1.611484	97.7	True	True
21359	22751	4	1396	BB226_NZ_JAEQDM010000013.1	NODE_205_length_1396_cov_1.611484	97.63	True	True
145807	147199	4	1396	BB362_NZ_JAEQDL010000001.1	NODE_205_length_1396_cov_1.611484	97.63	True	True
22553	23945	4	1396	EC034_NZ_JAERJB010000004.1	NODE_205_length_1396_cov_1.611484	96.77	True	True
19235	20627	4	1396	EC031_NZ_JAERJC010000008.1	NODE_205_length_1396_cov_1.611484	96.77	True	True
CONTIG	NODE_205_length_1396_cov_1.611484	1396	ambiguous
65892	67271	1	1387	EC031_NZ_JAERJC010000006.1	NODE_206_length_1390_cov_1.487640	97.26	True	True
89918	91297	1387	1	EC034_NZ_JAERJB010000007.1	NODE_206_length_1390_cov_1.487640	97.26	True	True
10173	11547	1	1375	BB226_NZ_JAEQDM010000010.1	NODE_206_length_1390_cov_1.487640	98.04	True	True
14424	15805	1	1387	BB362_NZ_JAEQDL010000029.1	NODE_206_length_1390_cov_1.487640	96.76	True	True
CONTIG	NODE_206_length_1390_cov_1.487640	1390	ambiguous
41040	42423	1383	1	BB362_NZ_JAEQDL010000001.1	NODE_207_length_1383_cov_1.671687	98.55	True	True
438	1820	1383	1	EC034_NZ_JAERJB010000020.1	NODE_207_length_1383_cov_1.671687	98.41	True	True
140566	141948	1383	1	EC031_NZ_JAERJC010000002.1	NODE_207_length_1383_cov_1.671687	98.41	True	True
38212	39595	1383	1	BB226_NZ_JAEQDM010000011.1	NODE_207_length_1383_cov_1.671687	98.05	True	True
CONTIG	NODE_207_length_1383_cov_1.671687	1383	ambiguous
63086	64465	1	1380	BB362_NZ_JAEQDL010000003.1	NODE_208_length_1381_cov_1.743590	99.06	True	True
35846	37225	1380	1	BB226_NZ_JAEQDM010000009.1	NODE_208_length_1381_cov_1.743590	98.62	True	True
CONTIG	NODE_208_length_1381_cov_1.743590	1381	ambiguous
114477	115859	1	1381	EC031_NZ_JAERJC010000003.1	NODE_209_length_1381_cov_1.590498	98.7	True	True
76511	77893	1381	1	EC034_NZ_JAERJB010000001.1	NODE_209_length_1381_cov_1.590498	98.7	True	True
75103	76483	1381	1	BB226_NZ_JAEQDM010000002.1	NODE_209_length_1381_cov_1.590498	98.33	True	True
CONTIG	NODE_209_length_1381_cov_1.590498	1381	ambiguous
79116	80494	1	1380	BB362_NZ_JAEQDL010000001.1	NODE_210_length_1380_cov_1.923019	97.97	True	True
193258	194636	1	1380	EC031_NZ_JAERJC010000002.1	NODE_210_length_1380_cov_1.923019	97.75	True	True
1235	2613	1	1380	EC034_NZ_JAERJB010000023.1	NODE_210_length_1380_cov_1.923019	97.75	True	True
CONTIG	NODE_210_length_1380_cov_1.923019	1380	ambiguous
72995	73401	1379	973	EC034_NZ_JAERJB010000008.1	NODE_211_length_1379_cov_2.069486	96.81		False
82191	82597	1379	973	EC031_NZ_JAERJC010000005.1	NODE_211_length_1379_cov_2.069486	96.81		False
102643	103049	1379	973	BB362_NZ_JAEQDL010000002.1	NODE_211_length_1379_cov_2.069486	97.54		False
78077	79125	1049	1	BB226_NZ_JAEQDM010000004.1	NODE_211_length_1379_cov_2.069486	99.43		True
relocation, inconsistency = -4533
82280	82609	1379	1050	BB226_NZ_JAEQDM010000004.1	NODE_211_length_1379_cov_2.069486	98.53		True
CONTIG	NODE_211_length_1379_cov_2.069486	1379	misassembled
3468	4838	1	1372	EC031_NZ_JAERJC010000018.1	NODE_212_length_1377_cov_2.219365	97.59	True	True
3468	4838	1	1372	EC034_NZ_JAERJB010000038.1	NODE_212_length_1377_cov_2.219365	97.59	True	True
CONTIG	NODE_212_length_1377_cov_2.219365	1377	ambiguous
636	1999	1363	1	A39_fig_1219382.3.peg.1335	NODE_213_length_1363_cov_1.971713	98.46	True	True
636	1999	1363	1	CIP110549_fig_1392540.14.peg.202	NODE_213_length_1363_cov_1.971713	98.31	True	True
12469	13832	1363	1	BB362_NZ_JAEQDL010000032.1	NODE_213_length_1363_cov_1.971713	97.65	True	True
CONTIG	NODE_213_length_1363_cov_1.971713	1363	ambiguous
29026	30388	1361	1	BB362_NZ_JAEQDL010000009.1	NODE_214_length_1361_cov_2.232006	98.17	True	True
37903	39264	1361	1	EC034_NZ_JAERJB010000016.1	NODE_214_length_1361_cov_2.232006	97.94	True	True
37903	39264	1361	1	EC031_NZ_JAERJC010000013.1	NODE_214_length_1361_cov_2.232006	97.94	True	True
CONTIG	NODE_214_length_1361_cov_2.232006	1361	ambiguous
95466	96825	1	1360	BB226_NZ_JAEQDM010000004.1	NODE_215_length_1360_cov_2.323372	98.31	True	True
86713	88072	1	1360	EC031_NZ_JAERJC010000005.1	NODE_215_length_1360_cov_2.323372	98.24	True	True
77517	78876	1	1360	EC034_NZ_JAERJB010000008.1	NODE_215_length_1360_cov_2.323372	98.24	True	True
107165	108518	1	1360	BB362_NZ_JAEQDL010000002.1	NODE_215_length_1360_cov_2.323372	97.57	True	True
CONTIG	NODE_215_length_1360_cov_2.323372	1360	ambiguous
31030	32387	1357	1	BB362_NZ_JAEQDL010000003.1	NODE_216_length_1357_cov_1.960061	98.9	True	True
68788	70145	1	1357	BB226_NZ_JAEQDM010000009.1	NODE_216_length_1357_cov_1.960061	98.75	True	True
33918	35275	1357	1	EC034_NZ_JAERJB010000002.1	NODE_216_length_1357_cov_1.960061	98.31	True	True
77218	78575	1	1357	EC031_NZ_JAERJC010000009.1	NODE_216_length_1357_cov_1.960061	98.31	True	True
CONTIG	NODE_216_length_1357_cov_1.960061	1357	ambiguous
CONTIG	NODE_217_length_1341_cov_1.934681	1341	unaligned
CONTIG	NODE_218_length_1340_cov_6.312840	1340	unaligned
104536	105875	1	1340	BB362_NZ_JAEQDL010000003.1	NODE_219_length_1340_cov_1.498054	99.33	True	True
107947	109286	1	1340	EC034_NZ_JAERJB010000002.1	NODE_219_length_1340_cov_1.498054	99.1	True	True
3207	4546	1340	1	EC031_NZ_JAERJC010000009.1	NODE_219_length_1340_cov_1.498054	99.1	True	True
35572	36911	1340	1	BB226_NZ_JAEQDM010000023.1	NODE_219_length_1340_cov_1.498054	99.03	True	True
CONTIG	NODE_219_length_1340_cov_1.498054	1340	ambiguous
15381	16707	1327	1	BB362_NZ_JAEQDL010000017.1	NODE_220_length_1327_cov_2.186321	97.89	True	True
25134	26460	1	1327	EC031_NZ_JAERJC010000014.1	NODE_220_length_1327_cov_2.186321	97.44	True	True
25134	26460	1	1327	EC034_NZ_JAERJB010000018.1	NODE_220_length_1327_cov_2.186321	97.44	True	True
CONTIG	NODE_220_length_1327_cov_2.186321	1327	ambiguous
20096	21403	17	1325	BB226_NZ_JAEQDM010000028.1	NODE_221_length_1325_cov_1.975591	96.87		True
CONTIG	NODE_221_length_1325_cov_1.975591	1325	correct
135	1456	1	1321	A39_fig_1219382.3.peg.2319	NODE_222_length_1321_cov_2.074250	98.56	True	True
135	1456	1	1321	CIP110549_fig_1392540.14.peg.1961	NODE_222_length_1321_cov_2.074250	98.18	True	True
25220	26541	1	1321	BB362_NZ_JAEQDL010000025.1	NODE_222_length_1321_cov_2.074250	98.11	True	True
8296	9617	1321	1	EC034_NZ_JAERJB010000028.1	NODE_222_length_1321_cov_2.074250	97.96	True	True
8296	9617	1321	1	EC031_NZ_JAERJC010000004.1	NODE_222_length_1321_cov_2.074250	97.96	True	True
8231	9552	1321	1	BB226_NZ_JAEQDM010000005.1	NODE_222_length_1321_cov_2.074250	97.81	True	True
CONTIG	NODE_222_length_1321_cov_2.074250	1321	ambiguous
24111	25423	1317	1	EC031_NZ_JAERJC010000012.1	NODE_223_length_1317_cov_1.751981	97.65	True	True
58958	60270	1	1317	EC034_NZ_JAERJB010000011.1	NODE_223_length_1317_cov_1.751981	97.65	True	True
24358	25670	1317	1	BB226_NZ_JAEQDM010000026.1	NODE_223_length_1317_cov_1.751981	97.57	True	True
CONTIG	NODE_223_length_1317_cov_1.751981	1317	ambiguous
89352	90669	1	1315	BB226_NZ_JAEQDM010000008.1	NODE_224_length_1315_cov_2.158730	98.03		True
CONTIG	NODE_224_length_1315_cov_2.158730	1315	correct
20608	21918	1	1311	BB226_NZ_JAEQDM010000029.1	NODE_225_length_1311_cov_1.820860	98.17	True	True
133562	134872	1	1311	EC031_NZ_JAERJC010000004.1	NODE_225_length_1311_cov_1.820860	97.86	True	True
9952	11262	1311	1	EC034_NZ_JAERJB010000027.1	NODE_225_length_1311_cov_1.820860	97.86	True	True
4383	5693	1	1311	BB362_NZ_JAEQDL010000057.1	NODE_225_length_1311_cov_1.820860	97.79	True	True
CONTIG	NODE_225_length_1311_cov_1.820860	1311	ambiguous
1885	3195	1	1311	BB226_NZ_JAEQDM010000024.1	NODE_226_length_1311_cov_1.507166	98.47	True	True
81835	83145	1	1311	BB362_NZ_JAEQDL010000001.1	NODE_226_length_1311_cov_1.507166	97.94	True	True
CONTIG	NODE_226_length_1311_cov_1.507166	1311	ambiguous
98016	99322	1	1309	BB226_NZ_JAEQDM010000005.1	NODE_227_length_1309_cov_2.651515	98.93		True
CONTIG	NODE_227_length_1309_cov_2.651515	1309	correct
CONTIG	NODE_228_length_1309_cov_2.586922	1309	unaligned
116399	117698	1	1300	BB362_NZ_JAEQDL010000002.1	NODE_229_length_1300_cov_1.836948	96.46	True	True
95953	97252	1	1300	EC031_NZ_JAERJC010000005.1	NODE_229_length_1300_cov_1.836948	96.46	True	True
104706	106005	1	1300	BB226_NZ_JAEQDM010000004.1	NODE_229_length_1300_cov_1.836948	96.46	True	True
86757	88056	1	1300	EC034_NZ_JAERJB010000008.1	NODE_229_length_1300_cov_1.836948	96.46	True	True
CONTIG	NODE_229_length_1300_cov_1.836948	1300	ambiguous
7716	9010	1	1295	EC031_NZ_JAERJC010000018.1	NODE_230_length_1295_cov_2.011290	97.84	True	True
7716	9010	1	1295	EC034_NZ_JAERJB010000038.1	NODE_230_length_1295_cov_2.011290	97.84	True	True
4255	5543	1288	1	BB226_NZ_JAEQDM010000052.1	NODE_230_length_1295_cov_2.011290	97.83	True	True
CONTIG	NODE_230_length_1295_cov_2.011290	1295	ambiguous
9206	10499	1	1294	BB226_NZ_JAEQDM010000012.1	NODE_231_length_1294_cov_1.769169	97.84	True	True
8893	10186	1	1294	BB362_NZ_JAEQDL010000019.1	NODE_231_length_1294_cov_1.769169	97.37	True	True
9393	10681	1	1289	EC034_NZ_JAERJB010000012.1	NODE_231_length_1294_cov_1.769169	97.6	True	True
9213	10501	1	1289	EC031_NZ_JAERJC010000002.1	NODE_231_length_1294_cov_1.769169	97.6	True	True
CONTIG	NODE_231_length_1294_cov_1.769169	1294	ambiguous
11783	13071	1	1289	BB362_NZ_JAEQDL010000021.1	NODE_232_length_1289_cov_2.018639	99.38	True	True
16198	17486	1	1289	EC031_NZ_JAERJC010000015.1	NODE_232_length_1289_cov_2.018639	99.15	True	True
38065	39353	1289	1	EC034_NZ_JAERJB010000017.1	NODE_232_length_1289_cov_2.018639	99.15	True	True
CONTIG	NODE_232_length_1289_cov_2.018639	1289	ambiguous
15737	17023	1287	1	BB226_NZ_JAEQDM010000006.1	NODE_233_length_1287_cov_2.679383	98.6	True	True
24117	25402	2	1287	BB362_NZ_JAEQDL010000007.1	NODE_233_length_1287_cov_2.679383	98.52	True	True
CONTIG	NODE_233_length_1287_cov_2.679383	1287	ambiguous
CONTIG	NODE_234_length_1283_cov_7.525244	1283	unaligned
83286	84565	1279	1	BB226_NZ_JAEQDM010000007.1	NODE_235_length_1283_cov_1.442182	97.89		True
CONTIG	NODE_235_length_1283_cov_1.442182	1283	correct
93762	95038	1277	1	BB226_NZ_JAEQDM010000009.1	NODE_236_length_1277_cov_2.764321	98.04		True
CONTIG	NODE_236_length_1277_cov_2.764321	1277	correct
33232	34499	5	1271	BB226_NZ_JAEQDM010000017.1	NODE_237_length_1276_cov_2.539722	98.26	True	True
14470	15741	1	1271	BB362_NZ_JAEQDL010000009.1	NODE_237_length_1276_cov_2.539722	97.25	True	True
CONTIG	NODE_237_length_1276_cov_2.539722	1276	ambiguous
83865	85138	1	1274	EC031_NZ_JAERJC010000009.1	NODE_238_length_1274_cov_2.244463	98.59	True	True
27355	28628	1274	1	EC034_NZ_JAERJB010000002.1	NODE_238_length_1274_cov_2.244463	98.59	True	True
75434	76707	1	1274	BB226_NZ_JAEQDM010000009.1	NODE_238_length_1274_cov_2.244463	98.27	True	True
24468	25741	1274	1	BB362_NZ_JAEQDL010000003.1	NODE_238_length_1274_cov_2.244463	98.04	True	True
CONTIG	NODE_238_length_1274_cov_2.244463	1274	ambiguous
13983	15256	1274	1	BB226_NZ_JAEQDM010000036.1	NODE_239_length_1274_cov_2.031173	98.12	True	True
1087	2354	1	1268	EC034_NZ_JAERJB010000036.1	NODE_239_length_1274_cov_2.031173	97.95	True	True
13865	15132	1268	1	EC031_NZ_JAERJC010000024.1	NODE_239_length_1274_cov_2.031173	97.95	True	True
CONTIG	NODE_239_length_1274_cov_2.031173	1274	ambiguous
31485	32755	4	1273	EC031_NZ_JAERJC010000004.1	NODE_240_length_1273_cov_1.832512	97.17	True	True
78633	79903	1273	4	EC034_NZ_JAERJB010000013.1	NODE_240_length_1273_cov_1.832512	97.17	True	True
CONTIG	NODE_240_length_1273_cov_1.832512	1273	ambiguous
51959	53230	1	1272	EC031_NZ_JAERJC010000015.1	NODE_241_length_1272_cov_1.785538	98.98	True	True
2321	3592	1272	1	EC034_NZ_JAERJB010000017.1	NODE_241_length_1272_cov_1.785538	98.98	True	True
32517	33788	1	1272	BB362_NZ_JAEQDL010000021.1	NODE_241_length_1272_cov_1.785538	98.19	True	True
CONTIG	NODE_241_length_1272_cov_1.785538	1272	ambiguous
96865	98133	1	1269	BB226_NZ_JAEQDM010000006.1	NODE_242_length_1269_cov_1.688633	98.82	True	True
6521	7789	1	1269	BB362_NZ_JAEQDL010000038.1	NODE_242_length_1269_cov_1.688633	98.35	True	True
CONTIG	NODE_242_length_1269_cov_1.688633	1269	ambiguous
16656	17921	1266	1	BB362_NZ_JAEQDL010000038.1	NODE_243_length_1266_cov_2.312964	98.03	True	True
107004	108263	1266	7	BB226_NZ_JAEQDM010000006.1	NODE_243_length_1266_cov_2.312964	98.17	True	True
CONTIG	NODE_243_length_1266_cov_2.312964	1266	ambiguous
13788	15051	1264	1	EC034_NZ_JAERJB010000020.1	NODE_244_length_1264_cov_1.726220	97.55	True	True
153916	155179	1264	1	EC031_NZ_JAERJC010000002.1	NODE_244_length_1264_cov_1.726220	97.55	True	True
54409	55672	1264	1	BB362_NZ_JAEQDL010000001.1	NODE_244_length_1264_cov_1.726220	97.39	True	True
51576	52839	1264	1	BB226_NZ_JAEQDM010000011.1	NODE_244_length_1264_cov_1.726220	97.23	True	True
CONTIG	NODE_244_length_1264_cov_1.726220	1264	ambiguous
9849	11111	1263	1	BB226_NZ_JAEQDM010000048.1	NODE_245_length_1263_cov_2.172185	98.18	True	True
9119	10381	1263	1	BB362_NZ_JAEQDL010000021.1	NODE_245_length_1263_cov_2.172185	98.18	True	True
13534	14796	1263	1	EC031_NZ_JAERJC010000015.1	NODE_245_length_1263_cov_2.172185	97.94	True	True
40755	42017	1	1263	EC034_NZ_JAERJB010000017.1	NODE_245_length_1263_cov_2.172185	97.94	True	True
CONTIG	NODE_245_length_1263_cov_2.172185	1263	ambiguous
12985	14244	1260	1	EC031_NZ_JAERJC010000007.1	NODE_246_length_1260_cov_2.138589	98.81	True	True
12993	14252	1260	1	EC034_NZ_JAERJB010000003.1	NODE_246_length_1260_cov_2.138589	98.81	True	True
43981	45240	1	1260	BB226_NZ_JAEQDM010000019.1	NODE_246_length_1260_cov_2.138589	98.17	True	True
CONTIG	NODE_246_length_1260_cov_2.138589	1260	ambiguous
29353	30609	1257	1	EC034_NZ_JAERJB010000004.1	NODE_247_length_1257_cov_2.406822	98.89	True	True
28159	29415	1257	1	BB226_NZ_JAEQDM010000013.1	NODE_247_length_1257_cov_2.406822	98.89	True	True
26035	27291	1257	1	EC031_NZ_JAERJC010000008.1	NODE_247_length_1257_cov_2.406822	98.89	True	True
CONTIG	NODE_247_length_1257_cov_2.406822	1257	ambiguous
31921	33170	1250	1	BB362_NZ_JAEQDL010000024.1	NODE_248_length_1256_cov_1.852623	97.36		True
CONTIG	NODE_248_length_1256_cov_1.852623	1256	correct
CONTIG	NODE_249_length_1254_cov_3.875730	1254	unaligned
5940	6990	184	1234	BB226_NZ_JAEQDM010000022.1	NODE_250_length_1254_cov_1.691410	92.68		True
CONTIG	NODE_250_length_1254_cov_1.691410	1254	correct
CONTIG	NODE_251_length_1252_cov_2.728488	1252	unaligned
134312	135562	1	1251	BB226_NZ_JAEQDM010000002.1	NODE_252_length_1251_cov_2.205686	97.84	True	True
22727	23978	1	1251	BB362_NZ_JAEQDL010000027.1	NODE_252_length_1251_cov_2.205686	97.28	True	True
55418	56668	1251	1	EC031_NZ_JAERJC010000003.1	NODE_252_length_1251_cov_2.205686	97.04	True	True
135702	136952	1	1251	EC034_NZ_JAERJB010000001.1	NODE_252_length_1251_cov_2.205686	97.04	True	True
CONTIG	NODE_252_length_1251_cov_2.205686	1251	ambiguous
20396	21644	1249	1	EC031_NZ_JAERJC010000007.1	NODE_253_length_1249_cov_2.042714	98.08	True	True
20404	21652	1249	1	EC034_NZ_JAERJB010000003.1	NODE_253_length_1249_cov_2.042714	98.08	True	True
CONTIG	NODE_253_length_1249_cov_2.042714	1249	ambiguous
69762	71009	1	1248	BB226_NZ_JAEQDM010000013.1	NODE_254_length_1248_cov_2.001676	98.72	True	True
903	2150	1248	1	CIP110549_fig_1392540.14.peg.1187	NODE_254_length_1248_cov_2.001676	98.24	True	True
903	2150	1248	1	A39_fig_1219382.3.peg.159	NODE_254_length_1248_cov_2.001676	97.84	True	True
CONTIG	NODE_254_length_1248_cov_2.001676	1248	ambiguous
93961	95207	1	1247	EC24_NZ_VTDO01000006.1	NODE_255_length_1247_cov_1.759228	99.68	True	True
34973	36219	1	1247	FNA11_NZ_VTDS01000001.1	NODE_255_length_1247_cov_1.759228	99.6	True	True
34973	36219	1	1247	FNA3_NZ_VTDT01000014.1	NODE_255_length_1247_cov_1.759228	99.6	True	True
34973	36219	1	1247	SCC474reference_NZ_VTDT01000014.1	NODE_255_length_1247_cov_1.759228	99.6	True	True
CONTIG	NODE_255_length_1247_cov_1.759228	1247	ambiguous
57815	59057	1243	1	BB226_NZ_JAEQDM010000016.1	NODE_256_length_1243_cov_2.325758	98.39	True	True
1859	3101	1	1243	BB362_NZ_JAEQDL010000014.1	NODE_256_length_1243_cov_2.325758	98.07	True	True
143926	145168	1	1243	EC031_NZ_JAERJC010000001.1	NODE_256_length_1243_cov_2.325758	98.07	True	True
70009	71251	1243	1	EC034_NZ_JAERJB010000010.1	NODE_256_length_1243_cov_2.325758	98.07	True	True
CONTIG	NODE_256_length_1243_cov_2.325758	1243	ambiguous
CONTIG	NODE_257_length_1242_cov_2.058972	1242	unaligned
1935	3170	1	1236	BB226_NZ_JAEQDM010000018.1	NODE_258_length_1240_cov_2.068354	97.98	True	True
1934	3173	1	1240	BB362_NZ_JAEQDL010000037.1	NODE_258_length_1240_cov_2.068354	97.34	True	True
19027	20265	1240	1	EC034_NZ_JAERJB010000034.1	NODE_258_length_1240_cov_2.068354	97.18	True	True
19027	20265	1240	1	EC031_NZ_JAERJC010000021.1	NODE_258_length_1240_cov_2.068354	97.18	True	True
CONTIG	NODE_258_length_1240_cov_2.068354	1240	ambiguous
31259	32499	1240	1	BB226_NZ_JAEQDM010000020.1	NODE_259_length_1240_cov_1.824473	97.18	True	True
2313	3553	1240	1	BB362_NZ_JAEQDL010000044.1	NODE_259_length_1240_cov_1.824473	96.45	True	True
20561	21800	1	1240	EC031_NZ_JAERJC010000006.1	NODE_259_length_1240_cov_1.824473	96.45	True	True
20264	21503	1	1240	EC034_NZ_JAERJB010000022.1	NODE_259_length_1240_cov_1.824473	96.45	True	True
CONTIG	NODE_259_length_1240_cov_1.824473	1240	ambiguous
91	1421	7	1235	FNA3_NZ_VTDT01000019.1	NODE_260_length_1235_cov_2.062712	90.46	True	True
297	1627	7	1235	FNA11_NZ_VTDS01000013.1	NODE_260_length_1235_cov_2.062712	90.46	True	True
91	1421	7	1235	SCC474reference_NZ_VTDT01000019.1	NODE_260_length_1235_cov_2.062712	90.46	True	True
58999	60329	1235	7	SCC477_NZ_VTDQ01000013.1	NODE_260_length_1235_cov_2.062712	90.46	True	True
9817	11147	7	1235	BB226_NZ_JAEQDM010000017.1	NODE_260_length_1235_cov_2.062712	90.38	True	True
3703	5033	7	1235	A39_fig_1219382.3.peg.2444	NODE_260_length_1235_cov_2.062712	90.01	True	True
CONTIG	NODE_260_length_1235_cov_2.062712	1235	ambiguous
73491	74723	1	1233	EC031_NZ_JAERJC010000005.1	NODE_261_length_1233_cov_1.660441	98.54	True	True
64295	65527	1	1233	EC034_NZ_JAERJB010000008.1	NODE_261_length_1233_cov_1.660441	98.54	True	True
73573	74805	1	1233	BB226_NZ_JAEQDM010000004.1	NODE_261_length_1233_cov_1.660441	98.13	True	True
CONTIG	NODE_261_length_1233_cov_1.660441	1233	ambiguous
8137	9365	1229	1	BB226_NZ_JAEQDM010000020.1	NODE_262_length_1229_cov_2.022998	98.45	True	True
5093	6312	1220	1	BB362_NZ_JAEQDL010000054.1	NODE_262_length_1229_cov_2.022998	98.28	True	True
44583	45811	1	1229	EC031_NZ_JAERJC010000006.1	NODE_262_length_1229_cov_2.022998	97.56	True	True
CONTIG	NODE_262_length_1229_cov_2.022998	1229	ambiguous
33070	34291	1	1222	BB226_NZ_JAEQDM010000019.1	NODE_263_length_1223_cov_2.088185	98.77	True	True
23951	25172	1222	1	EC034_NZ_JAERJB010000003.1	NODE_263_length_1223_cov_2.088185	98.61	True	True
23943	25164	1222	1	EC031_NZ_JAERJC010000007.1	NODE_263_length_1223_cov_2.088185	98.61	True	True
22546	23767	1	1222	BB362_NZ_JAEQDL010000030.1	NODE_263_length_1223_cov_2.088185	98.04	True	True
CONTIG	NODE_263_length_1223_cov_2.088185	1223	ambiguous
2514	3734	1221	1	BB226_NZ_JAEQDM010000059.1	NODE_264_length_1221_cov_8.333619	99.59	True	True
2567	3786	1221	1	BB362_NZ_JAEQDL010000068.1	NODE_264_length_1221_cov_8.333619	99.26	True	True
CONTIG	NODE_264_length_1221_cov_8.333619	1221	ambiguous
35	1255	1	1221	CIP110549_fig_1392540.14.peg.1855	NODE_265_length_1221_cov_2.286449	98.03	True	True
12801	14021	1	1221	BB226_NZ_JAEQDM010000029.1	NODE_265_length_1221_cov_2.286449	97.62	True	True
35	1255	1	1221	A39_fig_1219382.3.peg.2212	NODE_265_length_1221_cov_2.286449	97.13	True	True
CONTIG	NODE_265_length_1221_cov_2.286449	1221	ambiguous
2882	4100	1	1219	BB362_NZ_JAEQDL010000029.1	NODE_266_length_1219_cov_1.453608	97.95	True	True
54349	55567	1	1219	EC031_NZ_JAERJC010000006.1	NODE_266_length_1219_cov_1.453608	97.29	True	True
101622	102840	1219	1	EC034_NZ_JAERJB010000007.1	NODE_266_length_1219_cov_1.453608	97.29	True	True
CONTIG	NODE_266_length_1219_cov_1.453608	1219	ambiguous
27043	28255	1	1213	EC034_NZ_JAERJB010000025.1	NODE_267_length_1217_cov_3.220310	96.87	True	True
6585	7797	1213	1	EC031_NZ_JAERJC010000025.1	NODE_267_length_1217_cov_3.220310	96.87	True	True
CONTIG	NODE_267_length_1217_cov_3.220310	1217	ambiguous
79078	80288	1211	1	EC034_NZ_JAERJB010000008.1	NODE_268_length_1217_cov_1.728055	99.26	True	True
88274	89484	1211	1	EC031_NZ_JAERJC010000005.1	NODE_268_length_1217_cov_1.728055	99.26	True	True
97027	98237	1211	1	BB226_NZ_JAEQDM010000004.1	NODE_268_length_1217_cov_1.728055	99.17	True	True
CONTIG	NODE_268_length_1217_cov_1.728055	1217	ambiguous
82282	83495	1	1214	EC034_NZ_JAERJB010000004.1	NODE_269_length_1214_cov_2.204487	99.51	True	True
78964	80177	1	1214	EC031_NZ_JAERJC010000008.1	NODE_269_length_1214_cov_2.204487	99.51	True	True
205981	207194	1	1214	BB362_NZ_JAEQDL010000001.1	NODE_269_length_1214_cov_2.204487	99.42	True	True
44081	45294	1214	1	BB226_NZ_JAEQDM010000021.1	NODE_269_length_1214_cov_2.204487	99.42	True	True
CONTIG	NODE_269_length_1214_cov_2.204487	1214	ambiguous
49322	50007	11	695	EC031_NZ_JAERJC010000010.1	NODE_270_length_1213_cov_2.107945	97.67		False
50265	50779	699	1213	EC031_NZ_JAERJC010000010.1	NODE_270_length_1213_cov_2.107945	99.22		False
9882	10577	1	695	BB226_NZ_JAEQDM010000001.1	NODE_270_length_1213_cov_2.107945	97.13		False
10842	11351	699	1208	BB226_NZ_JAEQDM010000001.1	NODE_270_length_1213_cov_2.107945	98.24		False
61448	62133	695	11	EC034_NZ_JAERJB010000006.1	NODE_270_length_1213_cov_2.107945	97.67		True
local misassembly
60676	61190	1213	699	EC034_NZ_JAERJB010000006.1	NODE_270_length_1213_cov_2.107945	99.22		True
CONTIG	NODE_270_length_1213_cov_2.107945	1213	correct
38713	39922	1210	1	BB226_NZ_JAEQDM010000004.1	NODE_271_length_1210_cov_2.065801	97.6	True	True
59871	61080	1210	1	BB362_NZ_JAEQDL010000002.1	NODE_271_length_1210_cov_2.065801	97.52	True	True
1619	2826	1210	3	A39_fig_1219382.3.peg.1102	NODE_271_length_1210_cov_2.065801	97.52	True	True
1619	2826	1210	3	CIP110549_fig_1392540.14.peg.1403	NODE_271_length_1210_cov_2.065801	97.19	True	True
30176	31385	1210	1	EC034_NZ_JAERJB010000008.1	NODE_271_length_1210_cov_2.065801	96.94	True	True
39372	40581	1210	1	EC031_NZ_JAERJC010000005.1	NODE_271_length_1210_cov_2.065801	96.94	True	True
CONTIG	NODE_271_length_1210_cov_2.065801	1210	ambiguous
15439	16648	1210	1	BB226_NZ_JAEQDM010000025.1	NODE_272_length_1210_cov_1.912554	98.68	True	True
17438	18647	1210	1	BB362_NZ_JAEQDL010000020.1	NODE_272_length_1210_cov_1.912554	98.51	True	True
CONTIG	NODE_272_length_1210_cov_1.912554	1210	ambiguous
CONTIG	NODE_273_length_1209_cov_3.024263	1209	unaligned
CONTIG	NODE_274_length_1207_cov_1.909722	1207	unaligned
18456	19661	1206	1	BB362_NZ_JAEQDL010000003.1	NODE_275_length_1206_cov_1.867072	99.17	True	True
81516	82721	1	1206	BB226_NZ_JAEQDM010000009.1	NODE_275_length_1206_cov_1.867072	98.26	True	True
CONTIG	NODE_275_length_1206_cov_1.867072	1206	ambiguous
19209	20410	1202	1	BB226_NZ_JAEQDM010000029.1	NODE_276_length_1202_cov_1.904098	98.92		True
CONTIG	NODE_276_length_1202_cov_1.904098	1202	correct
21151	22383	1	1199	BB226_NZ_JAEQDM010000015.1	NODE_277_length_1199_cov_2.090035	95.46		True
CONTIG	NODE_277_length_1199_cov_2.090035	1199	correct
8858	10056	1199	1	BB362_NZ_JAEQDL010000054.1	NODE_278_length_1199_cov_2.001748	98.92	True	True
40555	41753	1	1199	EC034_NZ_JAERJB010000022.1	NODE_278_length_1199_cov_2.001748	98.83	True	True
40852	42050	1	1199	EC031_NZ_JAERJC010000006.1	NODE_278_length_1199_cov_2.001748	98.83	True	True
11910	13108	1199	1	BB226_NZ_JAEQDM010000020.1	NODE_278_length_1199_cov_2.001748	98.83	True	True
CONTIG	NODE_278_length_1199_cov_2.001748	1199	ambiguous
11546	12742	1199	1	BB362_NZ_JAEQDL010000023.1	NODE_279_length_1199_cov_1.702797	97.16		True
CONTIG	NODE_279_length_1199_cov_1.702797	1199	correct
4193	5388	1	1195	EC031_NZ_JAERJC010000017.1	NODE_280_length_1195_cov_2.976316	98.66	True	True
4193	5388	1	1195	EC034_NZ_JAERJB010000033.1	NODE_280_length_1195_cov_2.976316	98.66	True	True
10846	12041	1	1195	BB226_NZ_JAEQDM010000044.1	NODE_280_length_1195_cov_2.976316	98.24	True	True
CONTIG	NODE_280_length_1195_cov_2.976316	1195	ambiguous
74998	76186	1189	1	BB226_NZ_JAEQDM010000013.1	NODE_281_length_1189_cov_2.679894	98.65		True
CONTIG	NODE_281_length_1189_cov_2.679894	1189	correct
1469	2628	28	1187	BB226_NZ_JAEQDM010000031.1	NODE_282_length_1187_cov_1.901060	96.9		False
1284	2444	27	1187	BB362_NZ_JAEQDL010000069.1	NODE_282_length_1187_cov_1.901060	97.07		True
CONTIG	NODE_282_length_1187_cov_1.901060	1187	correct
261	1433	1185	13	EC034_NZ_JAERJB010000013.1	NODE_283_length_1185_cov_1.902655	94.8		False
109955	111127	13	1185	EC031_NZ_JAERJC010000004.1	NODE_283_length_1185_cov_1.902655	94.8		True
CONTIG	NODE_283_length_1185_cov_1.902655	1185	correct
CONTIG	NODE_284_length_1184_cov_15.123118	1184	unaligned
28041	29224	1	1184	BB362_NZ_JAEQDL010000020.1	NODE_285_length_1184_cov_1.984057	98.14	True	True
26426	27609	1	1184	EC034_NZ_JAERJB010000024.1	NODE_285_length_1184_cov_1.984057	97.22	True	True
26042	27225	1	1184	BB226_NZ_JAEQDM010000025.1	NODE_285_length_1184_cov_1.984057	97.22	True	True
26426	27609	1	1184	EC031_NZ_JAERJC010000019.1	NODE_285_length_1184_cov_1.984057	97.22	True	True
CONTIG	NODE_285_length_1184_cov_1.984057	1184	ambiguous
6476	7659	1	1184	BB226_NZ_JAEQDM010000037.1	NODE_286_length_1184_cov_1.953056	98.82	True	True
95012	96195	1184	1	BB362_NZ_JAEQDL010000003.1	NODE_286_length_1184_cov_1.953056	98.65	True	True
CONTIG	NODE_286_length_1184_cov_1.953056	1184	ambiguous
195043	196221	1179	1	EC031_NZ_JAERJC010000004.1	NODE_287_length_1183_cov_2.352837	98.31	True	True
16336	17514	1	1179	EC034_NZ_JAERJB010000015.1	NODE_287_length_1183_cov_2.352837	98.31	True	True
46711	47885	1183	1	BB226_NZ_JAEQDM010000003.1	NODE_287_length_1183_cov_2.352837	97.89	True	True
CONTIG	NODE_287_length_1183_cov_2.352837	1183	ambiguous
2464	3081	622	5	B5B_NZ_VTDL01000041.1	NODE_288_length_1181_cov_2.444050	92.23		True
CONTIG	NODE_288_length_1181_cov_2.444050	1181	correct
3768	4945	1	1178	CIP110549_fig_1392540.14.peg.2485	NODE_289_length_1180_cov_5.514667	93.55		True
CONTIG	NODE_289_length_1180_cov_5.514667	1180	correct
21705	22882	1178	1	BB362_NZ_JAEQDL010000035.1	NODE_290_length_1178_cov_2.306322	97.96		True
CONTIG	NODE_290_length_1178_cov_2.306322	1178	correct
8100	9276	1177	1	EC031_NZ_JAERJC010000013.1	NODE_291_length_1177_cov_1.859180	97.88	True	True
8100	9276	1177	1	EC034_NZ_JAERJB010000016.1	NODE_291_length_1177_cov_1.859180	97.88	True	True
CONTIG	NODE_291_length_1177_cov_1.859180	1177	ambiguous
197879	199054	1175	1	FNA11_NZ_VTDS01000001.1	NODE_292_length_1175_cov_1.323214	94.22	True	True
32124	33299	1175	1	FNA3_NZ_VTDT01000020.1	NODE_292_length_1175_cov_1.323214	94.22	True	True
55730	56905	1	1175	BB226_NZ_JAEQDM010000012.1	NODE_292_length_1175_cov_1.323214	94.22	True	True
6149	7324	1175	1	SCC477_NZ_VTDQ01000040.1	NODE_292_length_1175_cov_1.323214	94.22	True	True
32124	33299	1175	1	SCC474reference_NZ_VTDT01000020.1	NODE_292_length_1175_cov_1.323214	94.22	True	True
CONTIG	NODE_292_length_1175_cov_1.323214	1175	ambiguous
2150	3320	1	1171	BB226_NZ_JAEQDM010000017.1	NODE_293_length_1173_cov_2.271914	99.74		True
CONTIG	NODE_293_length_1173_cov_2.271914	1173	correct
35534	36701	1	1168	BB226_NZ_JAEQDM010000011.1	NODE_294_length_1171_cov_1.947133	98.46	True	True
38362	39529	1	1168	BB362_NZ_JAEQDL010000001.1	NODE_294_length_1171_cov_1.947133	97.86	True	True
137889	139049	1	1162	EC031_NZ_JAERJC010000002.1	NODE_294_length_1171_cov_1.947133	98.02	True	True
169	1329	1162	1	EC034_NZ_JAERJB010000019.1	NODE_294_length_1171_cov_1.947133	98.02	True	True
CONTIG	NODE_294_length_1171_cov_1.947133	1171	ambiguous
90195	91362	1171	4	BB226_NZ_JAEQDM010000006.1	NODE_295_length_1171_cov_1.606631	99.14	True	True
744	1911	1168	1	BB362_NZ_JAEQDL010000038.1	NODE_295_length_1171_cov_1.606631	98.46	True	True
CONTIG	NODE_295_length_1171_cov_1.606631	1171	ambiguous
204037	205204	1	1168	EC031_NZ_JAERJC010000003.1	NODE_296_length_1168_cov_2.362983	99.23	True	True
10845	12012	1	1168	EC034_NZ_JAERJB010000026.1	NODE_296_length_1168_cov_2.362983	99.23	True	True
16144	17311	1	1168	BB362_NZ_JAEQDL010000035.1	NODE_296_length_1168_cov_2.362983	98.54	True	True
CONTIG	NODE_296_length_1168_cov_2.362983	1168	ambiguous
37231	38397	1	1167	EC034_NZ_JAERJB010000019.1	NODE_297_length_1167_cov_2.392986	98.54	True	True
100821	101987	1167	1	EC031_NZ_JAERJC010000002.1	NODE_297_length_1167_cov_2.392986	98.54	True	True
17193	18359	1167	1	BB226_NZ_JAEQDM010000011.1	NODE_297_length_1167_cov_2.392986	98.46	True	True
20005	21171	1167	1	BB362_NZ_JAEQDL010000001.1	NODE_297_length_1167_cov_2.392986	98.2	True	True
CONTIG	NODE_297_length_1167_cov_2.392986	1167	ambiguous
10082	11189	1111	4	BB362_NZ_JAEQDL010000025.1	NODE_298_length_1167_cov_1.910971	96.03		True
CONTIG	NODE_298_length_1167_cov_1.910971	1167	correct
65	1229	1165	1	A39_fig_1219382.3.peg.490	NODE_299_length_1165_cov_2.031532	99.48	True	True
65	1229	1165	1	CIP110549_fig_1392540.14.peg.901	NODE_299_length_1165_cov_2.031532	98.97	True	True
CONTIG	NODE_299_length_1165_cov_2.031532	1165	ambiguous
18003	19165	1163	1	BB362_NZ_JAEQDL010000014.1	NODE_300_length_1163_cov_1.408845	98.71	True	True
41737	42898	1	1163	BB226_NZ_JAEQDM010000016.1	NODE_300_length_1163_cov_1.408845	98.45	True	True
CONTIG	NODE_300_length_1163_cov_1.408845	1163	ambiguous
160	278	1028	910	SM1_fig_396323.10.peg.2909	NODE_301_length_1160_cov_20.028054	93.28		False
160	278	1028	910	CIP110357_fig_1341683.8.peg.2143	NODE_301_length_1160_cov_20.028054	93.28		False
160	278	1028	910	CIP110357_fig_1341683.8.peg.2384	NODE_301_length_1160_cov_20.028054	93.28		True
CONTIG	NODE_301_length_1160_cov_20.028054	1160	correct_unaligned
797	1946	1150	1	CIP110549_fig_1392540.14.peg.2316	NODE_302_length_1156_cov_1.934605	97.65	True	True
36669	37818	1	1150	BB226_NZ_JAEQDM010000022.1	NODE_302_length_1156_cov_1.934605	97.04	True	True
CONTIG	NODE_302_length_1156_cov_1.934605	1156	ambiguous
49	1205	1	1156	EC031_NZ_JAERJC010000035.1	NODE_303_length_1156_cov_1.920073	96.29	True	True
49	1205	1	1156	EC034_NZ_JAERJB010000046.1	NODE_303_length_1156_cov_1.920073	96.29	True	True
90	1246	1	1156	BB362_NZ_JAEQDL010000072.1	NODE_303_length_1156_cov_1.920073	95.6	True	True
CONTIG	NODE_303_length_1156_cov_1.920073	1156	ambiguous
10031	11185	1	1154	EC031_NZ_JAERJC010000004.1	NODE_304_length_1154_cov_3.110100	97.49	True	True
10031	11185	1	1154	EC034_NZ_JAERJB010000028.1	NODE_304_length_1154_cov_3.110100	97.49	True	True
23652	24806	1154	1	BB362_NZ_JAEQDL010000025.1	NODE_304_length_1154_cov_3.110100	97.14	True	True
CONTIG	NODE_304_length_1154_cov_3.110100	1154	ambiguous
639	1791	1	1153	BB362_NZ_JAEQDL010000014.1	NODE_305_length_1153_cov_1.795082	99.48	True	True
71319	72471	1153	1	EC034_NZ_JAERJB010000010.1	NODE_305_length_1153_cov_1.795082	99.39	True	True
142706	143858	1	1153	EC031_NZ_JAERJC010000001.1	NODE_305_length_1153_cov_1.795082	99.39	True	True
CONTIG	NODE_305_length_1153_cov_1.795082	1153	ambiguous
CONTIG	NODE_306_length_1146_cov_5.902841	1146	unaligned
1	909	238	1146	CIP110549_fig_1392540.14.peg.2524	NODE_307_length_1146_cov_3.705775	98.13		True
CONTIG	NODE_307_length_1146_cov_3.705775	1146	correct
2304	3446	1146	4	CIP110549_fig_1392540.14.peg.348	NODE_308_length_1146_cov_2.173236	98.25	True	True
50718	51863	1146	1	EC034_NZ_JAERJB010000009.1	NODE_308_length_1146_cov_2.173236	97.03	True	True
267463	268608	1146	1	EC031_NZ_JAERJC010000001.1	NODE_308_length_1146_cov_2.173236	97.03	True	True
CONTIG	NODE_308_length_1146_cov_2.173236	1146	ambiguous
613	1757	1	1145	BB362_NZ_JAEQDL010000027.1	NODE_309_length_1145_cov_2.037615	98.95	True	True
113585	114729	1	1145	EC034_NZ_JAERJB010000001.1	NODE_309_length_1145_cov_2.037615	98.86	True	True
77641	78785	1145	1	EC031_NZ_JAERJC010000003.1	NODE_309_length_1145_cov_2.037615	98.86	True	True
112202	113346	1	1145	BB226_NZ_JAEQDM010000002.1	NODE_309_length_1145_cov_2.037615	98.6	True	True
CONTIG	NODE_309_length_1145_cov_2.037615	1145	ambiguous
8356	9498	1	1143	BB226_NZ_JAEQDM010000019.1	NODE_310_length_1143_cov_1.988971	99.3	True	True
48737	49879	1143	1	EC034_NZ_JAERJB010000003.1	NODE_310_length_1143_cov_1.988971	99.04	True	True
48729	49871	1143	1	EC031_NZ_JAERJC010000007.1	NODE_310_length_1143_cov_1.988971	99.04	True	True
CONTIG	NODE_310_length_1143_cov_1.988971	1143	ambiguous
88985	89690	706	1	BB226_NZ_JAEQDM010000007.1	NODE_311_length_1140_cov_1.795392	96.74		True
CONTIG	NODE_311_length_1140_cov_1.795392	1140	correct
26602	27741	1	1139	BB362_NZ_JAEQDL010000009.1	NODE_312_length_1139_cov_2.746310	97.98	True	True
35479	36618	1	1139	EC034_NZ_JAERJB010000016.1	NODE_312_length_1139_cov_2.746310	97.89	True	True
35479	36618	1	1139	EC031_NZ_JAERJC010000013.1	NODE_312_length_1139_cov_2.746310	97.89	True	True
CONTIG	NODE_312_length_1139_cov_2.746310	1139	ambiguous
3031	4167	1137	1	EC034_NZ_JAERJB010000034.1	NODE_313_length_1137_cov_2.733826	99.03	True	True
3031	4167	1137	1	EC031_NZ_JAERJC010000021.1	NODE_313_length_1137_cov_2.733826	99.03	True	True
18047	19183	1	1137	BB362_NZ_JAEQDL010000037.1	NODE_313_length_1137_cov_2.733826	98.68	True	True
18038	19174	1	1137	BB226_NZ_JAEQDM010000018.1	NODE_313_length_1137_cov_2.733826	98.5	True	True
CONTIG	NODE_313_length_1137_cov_2.733826	1137	ambiguous
2593	3726	1134	1	BB226_NZ_JAEQDM010000003.1	NODE_314_length_1136_cov_2.094357	94.89	True	True
8165	9300	1136	1	BB362_NZ_JAEQDL010000011.1	NODE_314_length_1136_cov_2.094357	94.01	True	True
CONTIG	NODE_314_length_1136_cov_2.094357	1136	ambiguous
210697	211827	1	1131	EC031_NZ_JAERJC010000002.1	NODE_315_length_1135_cov_2.005556	97.97	True	True
18674	19804	1	1131	EC034_NZ_JAERJB010000023.1	NODE_315_length_1135_cov_2.005556	97.97	True	True
96564	97694	1	1131	BB362_NZ_JAEQDL010000001.1	NODE_315_length_1135_cov_2.005556	97.79	True	True
CONTIG	NODE_315_length_1135_cov_2.005556	1135	ambiguous
28549	29682	3	1132	BB226_NZ_JAEQDM010000018.1	NODE_316_length_1132_cov_1.721448	98.15		True
CONTIG	NODE_316_length_1132_cov_1.721448	1132	correct
CONTIG	NODE_317_length_1130_cov_2.840000	1130	unaligned
41771	42898	1	1128	BB226_NZ_JAEQDM010000014.1	NODE_318_length_1128_cov_1.598322	98.23	True	True
38550	39676	1127	1	BB362_NZ_JAEQDL010000005.1	NODE_318_length_1128_cov_1.598322	97.87	True	True
CONTIG	NODE_318_length_1128_cov_1.598322	1128	ambiguous
85552	86678	1127	1	BB226_NZ_JAEQDM010000009.1	NODE_319_length_1127_cov_2.742537	97.34		True
CONTIG	NODE_319_length_1127_cov_2.742537	1127	correct
3986	5112	1127	1	BB226_NZ_JAEQDM010000014.1	NODE_320_length_1127_cov_2.442164	98.67		True
CONTIG	NODE_320_length_1127_cov_2.442164	1127	correct
3305	4401	1097	1	BB226_NZ_JAEQDM010000057.1	NODE_321_length_1127_cov_2.046642	97.17		True
CONTIG	NODE_321_length_1127_cov_2.046642	1127	correct
59430	60555	1	1126	BB226_NZ_JAEQDM010000007.1	NODE_322_length_1126_cov_2.422035	98.31	True	True
10107	11231	1	1126	BB362_NZ_JAEQDL010000010.1	NODE_322_length_1126_cov_2.422035	97.87	True	True
76101	77226	1126	1	EC031_NZ_JAERJC010000012.1	NODE_322_length_1126_cov_2.422035	97.78	True	True
7155	8280	1	1126	EC034_NZ_JAERJB010000011.1	NODE_322_length_1126_cov_2.422035	97.78	True	True
CONTIG	NODE_322_length_1126_cov_2.422035	1126	ambiguous
48964	50087	1	1125	BB226_NZ_JAEQDM010000016.1	NODE_323_length_1125_cov_1.866355	98.31	True	True
10815	11938	1125	1	BB362_NZ_JAEQDL010000014.1	NODE_323_length_1125_cov_1.866355	97.96	True	True
61172	62295	1	1125	EC034_NZ_JAERJB010000010.1	NODE_323_length_1125_cov_1.866355	97.96	True	True
152882	154005	1125	1	EC031_NZ_JAERJC010000001.1	NODE_323_length_1125_cov_1.866355	97.96	True	True
CONTIG	NODE_323_length_1125_cov_1.866355	1125	ambiguous
20	1132	1122	10	BB362_NZ_JAEQDL010000060.1	NODE_324_length_1122_cov_1.977507	98.02	True	True
352	1464	10	1122	CIP110549_fig_1392540.14.peg.2394	NODE_324_length_1122_cov_1.977507	97.84	True	True
352	1464	10	1122	A39_fig_1219382.3.peg.2446	NODE_324_length_1122_cov_1.977507	97.57	True	True
CONTIG	NODE_324_length_1122_cov_1.977507	1122	ambiguous
72735	73851	1120	4	BB226_NZ_JAEQDM010000010.1	NODE_325_length_1120_cov_2.141784	98.93	True	True
126106	127225	1120	1	EC031_NZ_JAERJC010000006.1	NODE_325_length_1120_cov_2.141784	98.66	True	True
29964	31083	1	1120	EC034_NZ_JAERJB010000007.1	NODE_325_length_1120_cov_2.141784	98.66	True	True
23103	24222	1120	1	BB362_NZ_JAEQDL010000033.1	NODE_325_length_1120_cov_2.141784	98.39	True	True
CONTIG	NODE_325_length_1120_cov_2.141784	1120	ambiguous
5226	6340	1115	1	BB226_NZ_JAEQDM010000031.1	NODE_326_length_1115_cov_2.329245	97.67	True	True
212945	214058	1	1115	EC031_NZ_JAERJC010000003.1	NODE_326_length_1115_cov_2.329245	97.13	True	True
19753	20866	1	1115	EC034_NZ_JAERJB010000026.1	NODE_326_length_1115_cov_2.329245	97.13	True	True
CONTIG	NODE_326_length_1115_cov_2.329245	1115	ambiguous
51584	52696	1114	1	BB226_NZ_JAEQDM010000009.1	NODE_327_length_1114_cov_2.392823	98.65	True	True
47612	48724	1	1114	BB362_NZ_JAEQDL010000003.1	NODE_327_length_1114_cov_2.392823	98.38	True	True
CONTIG	NODE_327_length_1114_cov_2.392823	1114	ambiguous
25519	25879	1	361	BB226_NZ_JAEQDM010000022.1	NODE_328_length_1113_cov_2.167297	96.95		True
local misassembly
26397	27134	380	1112	BB226_NZ_JAEQDM010000022.1	NODE_328_length_1113_cov_2.167297	97.29		True
CONTIG	NODE_328_length_1113_cov_2.167297	1113	correct
6194	7302	1109	1	BB226_NZ_JAEQDM010000051.1	NODE_329_length_1113_cov_2.064272	98.83	True	True
6190	7298	1109	1	EC034_NZ_JAERJB010000025.1	NODE_329_length_1113_cov_2.064272	98.02	True	True
10173	11281	1	1109	EC031_NZ_JAERJC010000023.1	NODE_329_length_1113_cov_2.064272	98.02	True	True
6300	7408	1109	1	BB362_NZ_JAEQDL010000024.1	NODE_329_length_1113_cov_2.064272	97.93	True	True
CONTIG	NODE_329_length_1113_cov_2.064272	1113	ambiguous
42187	43297	1	1112	BB226_NZ_JAEQDM010000001.1	NODE_330_length_1112_cov_1.983917	97.57	True	True
4029	5139	1112	1	BB362_NZ_JAEQDL010000006.1	NODE_330_length_1112_cov_1.983917	97.39	True	True
80920	82030	2	1112	EC031_NZ_JAERJC010000010.1	NODE_330_length_1112_cov_1.983917	97.21	True	True
29425	30535	1112	2	EC034_NZ_JAERJB010000006.1	NODE_330_length_1112_cov_1.983917	97.21	True	True
CONTIG	NODE_330_length_1112_cov_1.983917	1112	ambiguous
18076	19190	13	1110	BB362_NZ_JAEQDL010000023.1	NODE_331_length_1110_cov_2.182938	95.34		True
CONTIG	NODE_331_length_1110_cov_2.182938	1110	correct
5309	6414	1106	1	BB226_NZ_JAEQDM010000023.1	NODE_332_length_1106_cov_2.310181	99.19	True	True
134181	135286	1	1106	BB362_NZ_JAEQDL010000003.1	NODE_332_length_1106_cov_2.310181	99.1	True	True
138614	139719	1	1106	EC034_NZ_JAERJB010000002.1	NODE_332_length_1106_cov_2.310181	98.28	True	True
5093	6198	1106	1	EC031_NZ_JAERJC010000020.1	NODE_332_length_1106_cov_2.310181	98.28	True	True
CONTIG	NODE_332_length_1106_cov_2.310181	1106	ambiguous
51771	52898	1	1106	BB226_NZ_JAEQDM010000020.1	NODE_333_length_1106_cov_1.160799	97.16	True	True
156	1283	1106	1	EC031_NZ_JAERJC010000006.1	NODE_333_length_1106_cov_1.160799	96.72	True	True
CONTIG	NODE_333_length_1106_cov_1.160799	1106	ambiguous
19548	19753	900	1105	BB226_NZ_JAEQDM010000003.1	NODE_334_length_1105_cov_2.227619	96.63		True
CONTIG	NODE_334_length_1105_cov_2.227619	1105	correct_unaligned
37041	38145	1	1102	BB226_NZ_JAEQDM010000014.1	NODE_335_length_1102_cov_1.829035	93.02	True	True
96653	97757	1102	1	EC031_NZ_JAERJC010000007.1	NODE_335_length_1102_cov_1.829035	92.49	True	True
96661	97765	1102	1	EC034_NZ_JAERJB010000003.1	NODE_335_length_1102_cov_1.829035	92.49	True	True
CONTIG	NODE_335_length_1102_cov_1.829035	1102	ambiguous
19231	20329	2	1100	BB362_NZ_JAEQDL010000014.1	NODE_336_length_1100_cov_2.377033	98.0	True	True
161282	162380	2	1100	EC031_NZ_JAERJC010000001.1	NODE_336_length_1100_cov_2.377033	97.91	True	True
52797	53895	1100	2	EC034_NZ_JAERJB010000010.1	NODE_336_length_1100_cov_2.377033	97.91	True	True
40573	41667	1100	6	BB226_NZ_JAEQDM010000016.1	NODE_336_length_1100_cov_2.377033	98.08	True	True
CONTIG	NODE_336_length_1100_cov_2.377033	1100	ambiguous
CONTIG	NODE_337_length_1099_cov_1.702107	1099	unaligned
173851	174949	1099	1	EC031_NZ_JAERJC010000004.1	NODE_338_length_1099_cov_1.687739	98.82	True	True
37608	38706	1	1099	EC034_NZ_JAERJB010000015.1	NODE_338_length_1099_cov_1.687739	98.82	True	True
31181	32279	1099	1	BB362_NZ_JAEQDL010000011.1	NODE_338_length_1099_cov_1.687739	98.73	True	True
25523	26621	1099	1	BB226_NZ_JAEQDM010000003.1	NODE_338_length_1099_cov_1.687739	98.64	True	True
CONTIG	NODE_338_length_1099_cov_1.687739	1099	ambiguous
37827	38924	1098	1	EC031_NZ_JAERJC010000001.1	NODE_339_length_1098_cov_1.606903	98.54	True	True
87640	88737	1	1098	EC034_NZ_JAERJB010000005.1	NODE_339_length_1098_cov_1.606903	98.54	True	True
70330	71427	1	1098	BB226_NZ_JAEQDM010000006.1	NODE_339_length_1098_cov_1.606903	98.36	True	True
CONTIG	NODE_339_length_1098_cov_1.606903	1098	ambiguous
CONTIG	NODE_340_length_1097_cov_3.911708	1097	unaligned
118264	119276	1097	6	BB226_NZ_JAEQDM010000002.1	NODE_341_length_1097_cov_2.797505	90.75	True	True
119647	120659	1097	6	EC034_NZ_JAERJB010000001.1	NODE_341_length_1097_cov_2.797505	90.29	True	True
71711	72723	6	1097	EC031_NZ_JAERJC010000003.1	NODE_341_length_1097_cov_2.797505	90.29	True	True
CONTIG	NODE_341_length_1097_cov_2.797505	1097	ambiguous
25203	26267	1097	1	BB226_NZ_JAEQDM010000028.1	NODE_342_length_1097_cov_2.275432	94.36		True
CONTIG	NODE_342_length_1097_cov_2.275432	1097	correct
10842	11951	1097	1	EC034_NZ_JAERJB010000016.1	NODE_343_length_1097_cov_2.237044	97.75	True	True
10842	11951	1097	1	EC031_NZ_JAERJC010000013.1	NODE_343_length_1097_cov_2.237044	97.75	True	True
2157	3266	1097	1	BB362_NZ_JAEQDL010000009.1	NODE_343_length_1097_cov_2.237044	97.75	True	True
CONTIG	NODE_343_length_1097_cov_2.237044	1097	ambiguous
100654	101747	1094	1	BB226_NZ_JAEQDM010000004.1	NODE_344_length_1094_cov_1.600577	99.09	True	True
91901	92994	1094	1	EC031_NZ_JAERJC010000005.1	NODE_344_length_1094_cov_1.600577	98.72	True	True
82705	83798	1094	1	EC034_NZ_JAERJB010000008.1	NODE_344_length_1094_cov_1.600577	98.72	True	True
112347	113440	1094	1	BB362_NZ_JAEQDL010000002.1	NODE_344_length_1094_cov_1.600577	98.17	True	True
CONTIG	NODE_344_length_1094_cov_1.600577	1094	ambiguous
182398	183489	1092	1	EC034_NZ_JAERJB010000001.1	NODE_345_length_1092_cov_2.756991	98.63	True	True
8881	9972	1	1092	EC031_NZ_JAERJC010000003.1	NODE_345_length_1092_cov_2.756991	98.63	True	True
CONTIG	NODE_345_length_1092_cov_2.756991	1092	ambiguous
1007	2079	5	1077	CIP110549_fig_1392540.14.peg.633	NODE_346_length_1091_cov_1.660232	98.88		True
CONTIG	NODE_346_length_1091_cov_1.660232	1091	correct
3231	4315	1085	1	EC034_NZ_JAERJB010000022.1	NODE_347_length_1085_cov_2.622330	99.35	True	True
3528	4612	1085	1	EC031_NZ_JAERJC010000006.1	NODE_347_length_1085_cov_2.622330	99.35	True	True
1502	2588	1	1085	BB362_NZ_JAEQDL010000064.1	NODE_347_length_1085_cov_2.622330	98.8	True	True
48442	49526	1	1085	BB226_NZ_JAEQDM010000020.1	NODE_347_length_1085_cov_2.622330	98.71	True	True
CONTIG	NODE_347_length_1085_cov_2.622330	1085	ambiguous
14685	15769	1085	1	BB226_NZ_JAEQDM010000010.1	NODE_348_length_1085_cov_1.667961	98.99	True	True
18931	20015	1085	1	BB362_NZ_JAEQDL010000029.1	NODE_348_length_1085_cov_1.667961	98.99	True	True
70397	71476	1085	6	EC031_NZ_JAERJC010000006.1	NODE_348_length_1085_cov_1.667961	98.52	True	True
85713	86792	6	1085	EC034_NZ_JAERJB010000007.1	NODE_348_length_1085_cov_1.667961	98.52	True	True
CONTIG	NODE_348_length_1085_cov_1.667961	1085	ambiguous
43864	44946	1	1083	EC034_NZ_JAERJB010000016.1	NODE_349_length_1083_cov_2.368677	98.52	True	True
43864	44946	1	1083	EC031_NZ_JAERJC010000013.1	NODE_349_length_1083_cov_2.368677	98.52	True	True
34993	36075	1	1083	BB362_NZ_JAEQDL010000009.1	NODE_349_length_1083_cov_2.368677	98.25	True	True
52260	53342	1	1083	BB226_NZ_JAEQDM010000017.1	NODE_349_length_1083_cov_2.368677	97.79	True	True
CONTIG	NODE_349_length_1083_cov_2.368677	1083	ambiguous
11428	12511	1	1083	BB226_NZ_JAEQDM010000019.1	NODE_350_length_1083_cov_1.382296	98.71	True	True
45719	46799	1083	1	EC031_NZ_JAERJC010000007.1	NODE_350_length_1083_cov_1.382296	98.34	True	True
45727	46807	1083	1	EC034_NZ_JAERJB010000003.1	NODE_350_length_1083_cov_1.382296	98.34	True	True
CONTIG	NODE_350_length_1083_cov_1.382296	1083	ambiguous
69300	70381	1082	1	BB226_NZ_JAEQDM010000010.1	NODE_351_length_1082_cov_2.550146	97.87	True	True
19668	20749	1082	1	BB362_NZ_JAEQDL010000033.1	NODE_351_length_1082_cov_2.550146	97.04	True	True
122671	123752	1082	1	EC031_NZ_JAERJC010000006.1	NODE_351_length_1082_cov_2.550146	97.04	True	True
33437	34518	1	1082	EC034_NZ_JAERJB010000007.1	NODE_351_length_1082_cov_2.550146	97.04	True	True
CONTIG	NODE_351_length_1082_cov_2.550146	1082	ambiguous
11488	12562	1081	7	BB362_NZ_JAEQDL010000043.1	NODE_352_length_1081_cov_2.346979	96.74	True	True
117892	118966	1081	7	BB226_NZ_JAEQDM010000001.1	NODE_352_length_1081_cov_2.346979	96.56	True	True
45871	46945	1081	7	EC031_NZ_JAERJC010000011.1	NODE_352_length_1081_cov_2.346979	96.47	True	True
33300	34374	1081	7	EC034_NZ_JAERJB010000014.1	NODE_352_length_1081_cov_2.346979	96.47	True	True
CONTIG	NODE_352_length_1081_cov_2.346979	1081	ambiguous
25335	26409	1	1076	BB362_NZ_JAEQDL010000023.1	NODE_353_length_1079_cov_2.191406	97.03	True	True
78780	79854	1	1076	BB226_NZ_JAEQDM010000005.1	NODE_353_length_1079_cov_2.191406	96.19	True	True
60846	61920	1	1076	EC031_NZ_JAERJC010000004.1	NODE_353_length_1079_cov_2.191406	96.19	True	True
49468	50542	1076	1	EC034_NZ_JAERJB010000013.1	NODE_353_length_1079_cov_2.191406	96.19	True	True
CONTIG	NODE_353_length_1079_cov_2.191406	1079	ambiguous
1	1016	62	1077	BB226_NZ_JAEQDM010000022.1	NODE_354_length_1077_cov_1.804305	92.53		True
CONTIG	NODE_354_length_1077_cov_1.804305	1077	correct
21650	22720	1071	1	BB226_NZ_JAEQDM010000019.1	NODE_355_length_1076_cov_1.470127	98.79	True	True
11124	12197	1076	3	BB362_NZ_JAEQDL010000030.1	NODE_355_length_1076_cov_1.470127	97.67	True	True
CONTIG	NODE_355_length_1076_cov_1.470127	1076	ambiguous
977	2056	1	1075	A39_fig_1219382.3.peg.644	NODE_356_length_1075_cov_1.634314	97.5	True	True
977	2056	1	1075	CIP110549_fig_1392540.14.peg.746	NODE_356_length_1075_cov_1.634314	97.13	True	True
24458	25537	1075	1	BB362_NZ_JAEQDL010000014.1	NODE_356_length_1075_cov_1.634314	96.57	True	True
CONTIG	NODE_356_length_1075_cov_1.634314	1075	ambiguous
6386	7473	1074	1	BB362_NZ_JAEQDL010000048.1	NODE_357_length_1074_cov_3.292444	94.58	True	True
9612	10686	1	1074	BB362_NZ_JAEQDL010000056.1	NODE_357_length_1074_cov_3.292444	93.67	True	True
CONTIG	NODE_357_length_1074_cov_3.292444	1074	ambiguous
CONTIG	NODE_358_length_1074_cov_3.125613	1074	unaligned
96340	97410	1	1071	BB362_NZ_JAEQDL010000002.1	NODE_359_length_1071_cov_2.232283	98.04	True	True
75978	77048	1	1071	BB226_NZ_JAEQDM010000004.1	NODE_359_length_1071_cov_2.232283	98.04	True	True
CONTIG	NODE_359_length_1071_cov_2.232283	1071	ambiguous
202836	203905	1	1070	EC031_NZ_JAERJC010000003.1	NODE_360_length_1070_cov_1.426601	97.2	True	True
9644	10713	1	1070	EC034_NZ_JAERJB010000026.1	NODE_360_length_1070_cov_1.426601	97.2	True	True
15396	16476	1070	1	BB226_NZ_JAEQDM010000031.1	NODE_360_length_1070_cov_1.426601	96.85	True	True
CONTIG	NODE_360_length_1070_cov_1.426601	1070	ambiguous
71749	72812	1	1064	EC034_NZ_JAERJB010000006.1	NODE_361_length_1069_cov_1.901381	97.18	True	True
38643	39706	1064	1	EC031_NZ_JAERJC010000010.1	NODE_361_length_1069_cov_1.901381	97.18	True	True
CONTIG	NODE_361_length_1069_cov_1.901381	1069	ambiguous
579	1642	1064	1	SCC477_NZ_VTDQ01000064.1	NODE_362_length_1064_cov_4.590684	99.91	True	True
7784	8842	1059	1	EC034_NZ_JAERJB010000035.1	NODE_362_length_1064_cov_4.590684	99.91	True	True
8095	9153	1	1059	EC031_NZ_JAERJC010000022.1	NODE_362_length_1064_cov_4.590684	99.91	True	True
CONTIG	NODE_362_length_1064_cov_4.590684	1064	ambiguous
CONTIG	NODE_363_length_1060_cov_3.029851	1060	unaligned
9083	10142	1060	1	BB362_NZ_JAEQDL010000017.1	NODE_364_length_1060_cov_1.898507	99.81	True	True
102157	103216	1060	1	BB226_NZ_JAEQDM010000003.1	NODE_364_length_1060_cov_1.898507	99.81	True	True
31699	32758	1	1060	EC034_NZ_JAERJB010000018.1	NODE_364_length_1060_cov_1.898507	99.53	True	True
31699	32758	1	1060	EC031_NZ_JAERJC010000014.1	NODE_364_length_1060_cov_1.898507	99.53	True	True
CONTIG	NODE_364_length_1060_cov_1.898507	1060	ambiguous
CONTIG	NODE_365_length_1057_cov_2.395210	1057	unaligned
132340	133285	1	946	BB362_NZ_JAEQDL010000002.1	NODE_366_length_1056_cov_2.343656	97.04		False
1859	1968	1056	947	CIP110549_fig_1392540.14.peg.1466	NODE_366_length_1056_cov_2.343656	96.36		False
111091	112036	1	946	EC031_NZ_JAERJC010000005.1	NODE_366_length_1056_cov_2.343656	97.78		True
interspecies translocation
1862	1971	1056	947	A39_fig_1219382.3.peg.1039	NODE_366_length_1056_cov_2.343656	96.36		True
CONTIG	NODE_366_length_1056_cov_2.343656	1056	misassembled
3818	4873	1	1056	CIP110549_fig_1392540.14.peg.2325	NODE_367_length_1056_cov_1.703297	98.77	True	True
23640	24690	1	1051	BB226_NZ_JAEQDM010000022.1	NODE_367_length_1056_cov_1.703297	98.57	True	True
CONTIG	NODE_367_length_1056_cov_1.703297	1056	ambiguous
9848	10902	1055	1	BB362_NZ_JAEQDL010000047.1	NODE_368_length_1055_cov_1.472000	97.44	True	True
190774	191828	1	1055	EC031_NZ_JAERJC010000001.1	NODE_368_length_1055_cov_1.472000	96.97	True	True
23349	24403	1055	1	EC034_NZ_JAERJB010000010.1	NODE_368_length_1055_cov_1.472000	96.97	True	True
CONTIG	NODE_368_length_1055_cov_1.472000	1055	ambiguous
22104	23157	1	1054	BB226_NZ_JAEQDM010000028.1	NODE_369_length_1054_cov_2.811812	98.39	True	True
25687	26740	1	1054	BB362_NZ_JAEQDL010000021.1	NODE_369_length_1054_cov_2.811812	98.29	True	True
CONTIG	NODE_369_length_1054_cov_2.811812	1054	ambiguous
440	1494	1	1054	A39_fig_1219382.3.peg.1520	NODE_370_length_1054_cov_2.205205	98.48	True	True
93526	94580	1054	1	BB226_NZ_JAEQDM010000002.1	NODE_370_length_1054_cov_2.205205	98.29	True	True
440	1494	1	1054	CIP110549_fig_1392540.14.peg.565	NODE_370_length_1054_cov_2.205205	98.1	True	True
96407	97461	1	1054	EC031_NZ_JAERJC010000003.1	NODE_370_length_1054_cov_2.205205	97.82	True	True
94909	95963	1054	1	EC034_NZ_JAERJB010000001.1	NODE_370_length_1054_cov_2.205205	97.82	True	True
CONTIG	NODE_370_length_1054_cov_2.205205	1054	ambiguous
340	1389	1050	1	CIP110549_fig_1392540.14.peg.1304	NODE_371_length_1050_cov_3.405025	99.14	True	True
340	1389	1050	1	A39_fig_1219382.3.peg.1200	NODE_371_length_1050_cov_3.405025	98.76	True	True
71720	72769	1050	1	EC034_NZ_JAERJB010000003.1	NODE_371_length_1050_cov_3.405025	98.19	True	True
71712	72761	1050	1	EC031_NZ_JAERJC010000007.1	NODE_371_length_1050_cov_3.405025	98.19	True	True
CONTIG	NODE_371_length_1050_cov_3.405025	1050	ambiguous
42939	43988	1048	1	BB226_NZ_JAEQDM010000004.1	NODE_372_length_1048_cov_2.125881	99.14	True	True
43599	44647	1047	1	EC031_NZ_JAERJC010000005.1	NODE_372_length_1048_cov_2.125881	98.57	True	True
34403	35451	1047	1	EC034_NZ_JAERJB010000008.1	NODE_372_length_1048_cov_2.125881	98.57	True	True
64097	65146	1048	1	BB362_NZ_JAEQDL010000002.1	NODE_372_length_1048_cov_2.125881	98.29	True	True
CONTIG	NODE_372_length_1048_cov_2.125881	1048	ambiguous
502	1548	1	1047	A39_fig_1219382.3.peg.2509	NODE_373_length_1047_cov_1.431452	98.47	True	True
502	1548	1	1047	CIP110549_fig_1392540.14.peg.2443	NODE_373_length_1047_cov_1.431452	98.47	True	True
2237	3283	1	1047	BB362_NZ_JAEQDL010000021.1	NODE_373_length_1047_cov_1.431452	98.47	True	True
2964	4010	1	1047	BB226_NZ_JAEQDM010000048.1	NODE_373_length_1047_cov_1.431452	98.28	True	True
47852	48889	1047	10	EC034_NZ_JAERJB010000017.1	NODE_373_length_1047_cov_1.431452	98.36	True	True
6662	7699	10	1047	EC031_NZ_JAERJC010000015.1	NODE_373_length_1047_cov_1.431452	98.36	True	True
CONTIG	NODE_373_length_1047_cov_1.431452	1047	ambiguous
67720	68765	1046	1	BB226_NZ_JAEQDM010000013.1	NODE_374_length_1046_cov_3.810293	99.52		True
CONTIG	NODE_374_length_1046_cov_3.810293	1046	correct
39169	40217	1046	1	BB362_NZ_JAEQDL010000002.1	NODE_375_length_1046_cov_2.134208	98.38	True	True
2273	3321	1	1046	CIP110549_fig_1392540.14.peg.1516	NODE_375_length_1046_cov_2.134208	98.28	True	True
2278	3324	3	1046	A39_fig_1219382.3.peg.1114	NODE_375_length_1046_cov_2.134208	98.09	True	True
431	1473	4	1046	CIP110549_fig_1392540.14.peg.1390	NODE_375_length_1046_cov_2.134208	98.08	True	True
CONTIG	NODE_375_length_1046_cov_2.134208	1046	ambiguous
5176	6212	1	1037	BB226_NZ_JAEQDM010000002.1	NODE_376_length_1040_cov_1.700508	98.46	True	True
8098	9134	1037	1	BB362_NZ_JAEQDL010000035.1	NODE_376_length_1040_cov_1.700508	97.88	True	True
4159	5201	1	1040	EC034_NZ_JAERJB010000001.1	NODE_376_length_1040_cov_1.700508	97.32	True	True
187169	188211	1040	1	EC031_NZ_JAERJC010000003.1	NODE_376_length_1040_cov_1.700508	97.32	True	True
CONTIG	NODE_376_length_1040_cov_1.700508	1040	ambiguous
4776	5787	1040	14	B5B_NZ_VTDL01000045.1	NODE_377_length_1040_cov_1.648731	94.16		True
CONTIG	NODE_377_length_1040_cov_1.648731	1040	correct
25324	26363	1040	1	BB362_NZ_JAEQDL010000002.1	NODE_378_length_1040_cov_1.464975	98.27	True	True
1955	2994	1	1040	EC034_NZ_JAERJB010000042.1	NODE_378_length_1040_cov_1.464975	98.17	True	True
4858	5897	1040	1	EC031_NZ_JAERJC010000005.1	NODE_378_length_1040_cov_1.464975	98.17	True	True
5812	6851	1040	1	BB226_NZ_JAEQDM010000004.1	NODE_378_length_1040_cov_1.464975	97.98	True	True
CONTIG	NODE_378_length_1040_cov_1.464975	1040	ambiguous
10304	10406	1	103	BB226_NZ_JAEQDM010000049.1	NODE_379_length_1039_cov_3.503049	100.0		False
19	121	1	103	BB226_NZ_JAEQDM010000049.1	NODE_379_length_1039_cov_3.503049	100.0		True
CONTIG	NODE_379_length_1039_cov_3.503049	1039	correct_unaligned
103	1139	1	1037	A39_fig_1219382.3.peg.385	NODE_380_length_1039_cov_1.495935	98.46	True	True
30111	31147	1	1037	BB362_NZ_JAEQDL010000001.1	NODE_380_length_1039_cov_1.495935	97.88	True	True
27284	28322	1	1039	BB226_NZ_JAEQDM010000011.1	NODE_380_length_1039_cov_1.495935	97.69	True	True
27270	28306	1037	1	EC034_NZ_JAERJB010000019.1	NODE_380_length_1039_cov_1.495935	97.78	True	True
110912	111948	1	1037	EC031_NZ_JAERJC010000002.1	NODE_380_length_1039_cov_1.495935	97.78	True	True
CONTIG	NODE_380_length_1039_cov_1.495935	1039	ambiguous
33	1070	1	1038	CIP110549_fig_1392540.14.peg.1098	NODE_381_length_1038_cov_2.455748	99.33		True
CONTIG	NODE_381_length_1038_cov_2.455748	1038	correct
47740	48777	1	1037	EC034_NZ_JAERJB010000019.1	NODE_382_length_1037_cov_2.625255	99.23	True	True
90441	91478	1037	1	EC031_NZ_JAERJC010000002.1	NODE_382_length_1037_cov_2.625255	99.23	True	True
9624	10661	1037	1	BB362_NZ_JAEQDL010000001.1	NODE_382_length_1037_cov_2.625255	99.13	True	True
6806	7842	1037	1	BB226_NZ_JAEQDM010000011.1	NODE_382_length_1037_cov_2.625255	98.94	True	True
CONTIG	NODE_382_length_1037_cov_2.625255	1037	ambiguous
16119	17155	1	1037	EC031_NZ_JAERJC010000007.1	NODE_383_length_1037_cov_2.032587	98.75	True	True
16127	17163	1	1037	EC034_NZ_JAERJB010000003.1	NODE_383_length_1037_cov_2.032587	98.75	True	True
CONTIG	NODE_383_length_1037_cov_2.032587	1037	ambiguous
156	1192	1	1037	CIP110549_fig_1392540.14.peg.1420	NODE_384_length_1037_cov_1.571283	99.32	True	True
51422	52458	1037	1	EC034_NZ_JAERJB010000008.1	NODE_384_length_1037_cov_1.571283	98.94	True	True
60618	61654	1037	1	EC031_NZ_JAERJC010000005.1	NODE_384_length_1037_cov_1.571283	98.94	True	True
60699	61735	1037	1	BB226_NZ_JAEQDM010000004.1	NODE_384_length_1037_cov_1.571283	98.75	True	True
156	1192	1	1037	A39_fig_1219382.3.peg.1086	NODE_384_length_1037_cov_1.571283	98.65	True	True
CONTIG	NODE_384_length_1037_cov_1.571283	1037	ambiguous
930	1964	1	1035	CIP110549_fig_1392540.14.peg.1560	NODE_385_length_1035_cov_2.258163	99.61		True
CONTIG	NODE_385_length_1035_cov_2.258163	1035	correct
CONTIG	NODE_386_length_1034_cov_6.138917	1034	unaligned
59027	60060	1	1034	BB226_NZ_JAEQDM010000008.1	NODE_387_length_1034_cov_1.949949	99.52	True	True
1177	2210	1034	1	CIP110549_fig_1392540.14.peg.338	NODE_387_length_1034_cov_1.949949	99.23	True	True
59163	60196	1	1034	BB362_NZ_JAEQDL010000004.1	NODE_387_length_1034_cov_1.949949	98.74	True	True
1177	2204	1034	7	A39_fig_1219382.3.peg.724	NODE_387_length_1034_cov_1.949949	99.22	True	True
CONTIG	NODE_387_length_1034_cov_1.949949	1034	ambiguous
7014	8045	1034	2	BB226_NZ_JAEQDM010000044.1	NODE_388_length_1034_cov_1.861083	97.68		True
CONTIG	NODE_388_length_1034_cov_1.861083	1034	correct
97907	98937	1031	1	BB226_NZ_JAEQDM010000009.1	NODE_389_length_1031_cov_2.753074	98.45	True	True
108050	109073	1031	8	EC031_NZ_JAERJC010000009.1	NODE_389_length_1031_cov_2.753074	98.63	True	True
3420	4443	8	1031	EC034_NZ_JAERJB010000002.1	NODE_389_length_1031_cov_2.753074	98.63	True	True
CONTIG	NODE_389_length_1031_cov_2.753074	1031	ambiguous
145632	146662	1031	1	EC034_NZ_JAERJB010000001.1	NODE_390_length_1031_cov_1.947746	97.67	True	True
45708	46738	1	1031	EC031_NZ_JAERJC010000003.1	NODE_390_length_1031_cov_1.947746	97.67	True	True
5057	6087	1031	1	BB226_NZ_JAEQDM010000007.1	NODE_390_length_1031_cov_1.947746	97.58	True	True
52387	53416	1	1031	SCC474reference_NZ_VTDT01000016.1	NODE_390_length_1031_cov_1.947746	97.38	True	True
4893	5922	1031	1	FNA11_NZ_VTDS01000015.1	NODE_390_length_1031_cov_1.947746	97.38	True	True
5063	6092	1031	1	SCC477_NZ_VTDQ01000015.1	NODE_390_length_1031_cov_1.947746	97.38	True	True
52387	53416	1	1031	FNA3_NZ_VTDT01000016.1	NODE_390_length_1031_cov_1.947746	97.38	True	True
CONTIG	NODE_390_length_1031_cov_1.947746	1031	ambiguous
104141	105169	1	1029	BB226_NZ_JAEQDM010000003.1	NODE_391_length_1029_cov_1.548255	98.64	True	True
29746	30774	1029	1	EC031_NZ_JAERJC010000014.1	NODE_391_length_1029_cov_1.548255	98.54	True	True
29746	30774	1029	1	EC034_NZ_JAERJB010000018.1	NODE_391_length_1029_cov_1.548255	98.54	True	True
11067	12095	1	1029	BB362_NZ_JAEQDL010000017.1	NODE_391_length_1029_cov_1.548255	98.15	True	True
CONTIG	NODE_391_length_1029_cov_1.548255	1029	ambiguous
27857	28883	1027	1	BB226_NZ_JAEQDM010000028.1	NODE_392_length_1027_cov_2.917695	98.93	True	True
31444	32469	1027	1	BB362_NZ_JAEQDL010000021.1	NODE_392_length_1027_cov_2.917695	98.15	True	True
CONTIG	NODE_392_length_1027_cov_2.917695	1027	ambiguous
161	1187	1	1027	A39_fig_1219382.3.peg.2454	NODE_393_length_1027_cov_2.449588	98.34	True	True
161	1182	1	1022	CIP110549_fig_1392540.14.peg.2386	NODE_393_length_1027_cov_2.449588	98.34	True	True
15827	16853	1	1027	EC031_NZ_JAERJC010000013.1	NODE_393_length_1027_cov_2.449588	97.57	True	True
15827	16853	1	1027	EC034_NZ_JAERJB010000016.1	NODE_393_length_1027_cov_2.449588	97.57	True	True
CONTIG	NODE_393_length_1027_cov_2.449588	1027	ambiguous
CONTIG	NODE_394_length_1027_cov_2.278807	1027	unaligned
34105	35131	1	1027	BB362_NZ_JAEQDL010000003.1	NODE_395_length_1027_cov_2.162551	99.22	True	True
74474	75500	1027	1	EC031_NZ_JAERJC010000009.1	NODE_395_length_1027_cov_2.162551	98.64	True	True
36993	38019	1	1027	EC034_NZ_JAERJB010000002.1	NODE_395_length_1027_cov_2.162551	98.64	True	True
66043	67070	1027	1	BB226_NZ_JAEQDM010000009.1	NODE_395_length_1027_cov_2.162551	98.35	True	True
CONTIG	NODE_395_length_1027_cov_2.162551	1027	ambiguous
19184	20210	1027	1	BB226_NZ_JAEQDM010000011.1	NODE_396_length_1027_cov_2.042181	97.66	True	True
21995	23021	1027	1	BB362_NZ_JAEQDL010000001.1	NODE_396_length_1027_cov_2.042181	97.08	True	True
35380	36406	1	1027	EC034_NZ_JAERJB010000019.1	NODE_396_length_1027_cov_2.042181	96.98	True	True
102812	103838	1027	1	EC031_NZ_JAERJC010000002.1	NODE_396_length_1027_cov_2.042181	96.98	True	True
CONTIG	NODE_396_length_1027_cov_2.042181	1027	ambiguous
CONTIG	NODE_397_length_1026_cov_2.985582	1026	unaligned
20258	21282	1	1025	BB226_NZ_JAEQDM010000026.1	NODE_398_length_1025_cov_1.819588	98.54	True	True
199	1223	1025	1	A39_fig_1219382.3.peg.1339	NODE_398_length_1025_cov_1.819588	98.24	True	True
199	1223	1025	1	CIP110549_fig_1392540.14.peg.206	NODE_398_length_1025_cov_1.819588	97.85	True	True
63345	64369	1025	1	EC034_NZ_JAERJB010000011.1	NODE_398_length_1025_cov_1.819588	97.76	True	True
20012	21036	1	1025	EC031_NZ_JAERJC010000012.1	NODE_398_length_1025_cov_1.819588	97.76	True	True
CONTIG	NODE_398_length_1025_cov_1.819588	1025	ambiguous
8999	10023	1	1025	BB362_NZ_JAEQDL010000024.1	NODE_399_length_1025_cov_1.534021	96.78	True	True
8890	9909	2	1021	EC034_NZ_JAERJB010000025.1	NODE_399_length_1025_cov_1.534021	97.16	True	True
7562	8581	1021	2	EC031_NZ_JAERJC010000023.1	NODE_399_length_1025_cov_1.534021	97.16	True	True
CONTIG	NODE_399_length_1025_cov_1.534021	1025	ambiguous
6744	7388	78	722	BB226_NZ_JAEQDM010000040.1	NODE_400_length_1024_cov_2.557276	91.05		True
local misassembly
7867	8018	774	925	BB226_NZ_JAEQDM010000040.1	NODE_400_length_1024_cov_2.557276	91.45		True
CONTIG	NODE_400_length_1024_cov_2.557276	1024	correct
CONTIG	NODE_401_length_1023_cov_2.775826	1023	unaligned
238	1258	1	1021	A39_fig_1219382.3.peg.2129	NODE_402_length_1021_cov_2.002070	99.41	True	True
238	1256	1	1019	CIP110549_fig_1392540.14.peg.1774	NODE_402_length_1021_cov_2.002070	98.92	True	True
CONTIG	NODE_402_length_1021_cov_2.002070	1021	ambiguous
3234	4250	6	1021	EC034_NZ_JAERJB010000042.1	NODE_403_length_1021_cov_1.507246	99.31	True	True
3602	4618	1021	6	EC031_NZ_JAERJC010000005.1	NODE_403_length_1021_cov_1.507246	99.31	True	True
CONTIG	NODE_403_length_1021_cov_1.507246	1021	ambiguous
2108	3128	1	1021	CIP110549_fig_1392540.14.peg.667	NODE_404_length_1021_cov_1.479296	98.92	True	True
9075	10095	1021	1	EC034_NZ_JAERJB010000011.1	NODE_404_length_1021_cov_1.479296	98.73	True	True
74286	75306	1	1021	EC031_NZ_JAERJC010000012.1	NODE_404_length_1021_cov_1.479296	98.73	True	True
61350	62370	1021	1	BB226_NZ_JAEQDM010000007.1	NODE_404_length_1021_cov_1.479296	98.73	True	True
2108	3128	1	1021	A39_fig_1219382.3.peg.1357	NODE_404_length_1021_cov_1.479296	98.63	True	True
12026	13046	1021	1	BB362_NZ_JAEQDL010000010.1	NODE_404_length_1021_cov_1.479296	98.33	True	True
CONTIG	NODE_404_length_1021_cov_1.479296	1021	ambiguous
86214	87224	1010	1	BB226_NZ_JAEQDM010000006.1	NODE_405_length_1016_cov_1.755463	98.32		True
CONTIG	NODE_405_length_1016_cov_1.755463	1016	correct
28307	29318	1	1012	BB226_NZ_JAEQDM010000010.1	NODE_406_length_1012_cov_1.872518	98.62	True	True
3583	4594	1	1012	BB362_NZ_JAEQDL010000018.1	NODE_406_length_1012_cov_1.872518	98.12	True	True
CONTIG	NODE_406_length_1012_cov_1.872518	1012	ambiguous
1115	2125	1011	1	CIP110549_fig_1392540.14.peg.2025	NODE_407_length_1011_cov_2.734310	99.9		True
CONTIG	NODE_407_length_1011_cov_2.734310	1011	correct
15739	16724	26	1010	BB362_NZ_JAEQDL010000023.1	NODE_408_length_1010_cov_1.545550	98.07		False
59153	60138	1010	26	EC034_NZ_JAERJB010000013.1	NODE_408_length_1010_cov_1.545550	97.87		False
51250	52235	26	1010	EC031_NZ_JAERJC010000004.1	NODE_408_length_1010_cov_1.545550	97.87		False
69187	70170	26	1010	BB226_NZ_JAEQDM010000005.1	NODE_408_length_1010_cov_1.545550	98.17		True
CONTIG	NODE_408_length_1010_cov_1.545550	1010	correct
CONTIG	NODE_409_length_1009_cov_2.545073	1009	unaligned
50865	51870	1	1006	BB226_NZ_JAEQDM010000002.1	NODE_410_length_1006_cov_1.921136	98.71		True
CONTIG	NODE_410_length_1006_cov_1.921136	1006	correct
70528	71521	1001	1	BB362_NZ_JAEQDL010000001.1	NODE_411_length_1005_cov_3.306316	96.6		True
CONTIG	NODE_411_length_1005_cov_3.306316	1005	correct
CONTIG	NODE_412_length_1004_cov_1.942044	1004	unaligned
501	1504	1	1004	A39_fig_1219382.3.peg.2292	NODE_413_length_1004_cov_1.919916	98.31	True	True
462	1465	1	1004	BB362_NZ_JAEQDL010000023.1	NODE_413_length_1004_cov_1.919916	98.31	True	True
501	1504	1	1004	CIP110549_fig_1392540.14.peg.1935	NODE_413_length_1004_cov_1.919916	97.81	True	True
41139	42142	1	1004	BB226_NZ_JAEQDM010000005.1	NODE_413_length_1004_cov_1.919916	97.71	True	True
CONTIG	NODE_413_length_1004_cov_1.919916	1004	ambiguous
CONTIG	NODE_414_length_1003_cov_2.209916	1003	unaligned
114476	115476	1001	1	BB362_NZ_JAEQDL010000003.1	NODE_415_length_1003_cov_1.939873	94.82		True
CONTIG	NODE_415_length_1003_cov_1.939873	1003	correct
12077	13078	1	1001	BB226_NZ_JAEQDM010000005.1	NODE_416_length_1001_cov_2.097252	99.1		True
CONTIG	NODE_416_length_1001_cov_2.097252	1001	correct
2102	3095	1	991	BB226_NZ_JAEQDM010000019.1	NODE_417_length_1000_cov_1.899471	98.69	True	True
55133	56123	991	1	EC031_NZ_JAERJC010000007.1	NODE_417_length_1000_cov_1.899471	97.98	True	True
55141	56131	991	1	EC034_NZ_JAERJB010000003.1	NODE_417_length_1000_cov_1.899471	97.98	True	True
CONTIG	NODE_417_length_1000_cov_1.899471	1000	ambiguous
39742	40738	998	1	BB362_NZ_JAEQDL010000001.1	NODE_418_length_998_cov_2.510074	97.0	True	True
36914	37910	998	1	BB226_NZ_JAEQDM010000011.1	NODE_418_length_998_cov_2.510074	96.3	True	True
CONTIG	NODE_418_length_998_cov_2.510074	998	ambiguous
29324	30261	59	996	BB226_NZ_JAEQDM010000027.1	NODE_419_length_996_cov_1.870351	99.57		True
CONTIG	NODE_419_length_996_cov_1.870351	996	correct
24821	25818	1	994	BB226_NZ_JAEQDM010000010.1	NODE_420_length_994_cov_1.882854	98.7	True	True
138	1135	1	994	BB362_NZ_JAEQDL010000018.1	NODE_420_length_994_cov_1.882854	98.1	True	True
CONTIG	NODE_420_length_994_cov_1.882854	994	ambiguous
70814	71804	991	1	BB226_NZ_JAEQDM010000007.1	NODE_421_length_991_cov_1.661325	99.5		True
CONTIG	NODE_421_length_991_cov_1.661325	991	correct
1963	2952	1	990	BB226_NZ_JAEQDM010000013.1	NODE_422_length_990_cov_2.810695	98.69		True
CONTIG	NODE_422_length_990_cov_2.810695	990	correct
104135	105124	990	1	EC031_NZ_JAERJC010000004.1	NODE_423_length_990_cov_2.441711	99.49	True	True
28490	29479	990	1	BB362_NZ_JAEQDL010000012.1	NODE_423_length_990_cov_2.441711	99.49	True	True
6264	7253	1	990	EC034_NZ_JAERJB010000013.1	NODE_423_length_990_cov_2.441711	99.49	True	True
7463	8452	990	1	BB226_NZ_JAEQDM010000038.1	NODE_423_length_990_cov_2.441711	99.29	True	True
CONTIG	NODE_423_length_990_cov_2.441711	990	ambiguous
12245	13231	990	1	BB226_NZ_JAEQDM010000022.1	NODE_424_length_990_cov_1.981818	96.77		True
CONTIG	NODE_424_length_990_cov_1.981818	990	correct
CONTIG	NODE_425_length_988_cov_3.133976	988	unaligned
66768	67755	988	1	BB226_NZ_JAEQDM010000012.1	NODE_426_length_988_cov_1.576635	97.87	True	True
14438	15425	1	988	BB362_NZ_JAEQDL010000013.1	NODE_426_length_988_cov_1.576635	97.47	True	True
66817	67804	988	1	EC031_NZ_JAERJC010000002.1	NODE_426_length_988_cov_1.576635	97.17	True	True
66997	67984	988	1	EC034_NZ_JAERJB010000012.1	NODE_426_length_988_cov_1.576635	97.17	True	True
CONTIG	NODE_426_length_988_cov_1.576635	988	ambiguous
111719	112705	1	987	EC034_NZ_JAERJB010000004.1	NODE_427_length_987_cov_1.699571	99.39	True	True
108401	109387	1	987	EC031_NZ_JAERJC010000008.1	NODE_427_length_987_cov_1.699571	99.39	True	True
2349	3331	1	983	BB362_NZ_JAEQDL010000039.1	NODE_427_length_987_cov_1.699571	99.19	True	True
14887	15873	987	1	BB226_NZ_JAEQDM010000021.1	NODE_427_length_987_cov_1.699571	98.78	True	True
CONTIG	NODE_427_length_987_cov_1.699571	987	ambiguous
1110	2095	1	986	EC034_NZ_JAERJB010000012.1	NODE_428_length_986_cov_2.380236	98.58	True	True
930	1915	1	986	EC031_NZ_JAERJC010000002.1	NODE_428_length_986_cov_2.380236	98.58	True	True
CONTIG	NODE_428_length_986_cov_2.380236	986	ambiguous
108384	109353	13	986	EC034_NZ_JAERJB010000003.1	NODE_429_length_986_cov_2.216971	97.74		False
108376	109345	13	986	EC031_NZ_JAERJC010000007.1	NODE_429_length_986_cov_2.216971	97.74		False
25447	26416	986	13	BB226_NZ_JAEQDM010000014.1	NODE_429_length_986_cov_2.216971	98.25		True
CONTIG	NODE_429_length_986_cov_2.216971	986	correct
58155	59133	980	1	BB226_NZ_JAEQDM010000011.1	NODE_430_length_984_cov_2.275565	97.35	True	True
61018	61990	973	1	BB362_NZ_JAEQDL010000001.1	NODE_430_length_984_cov_2.275565	97.12	True	True
CONTIG	NODE_430_length_984_cov_2.275565	984	ambiguous
47016	47999	984	1	BB226_NZ_JAEQDM010000009.1	NODE_431_length_984_cov_1.459634	98.88	True	True
52309	53292	1	984	BB362_NZ_JAEQDL010000003.1	NODE_431_length_984_cov_1.459634	98.07	True	True
102	1085	984	1	CIP110549_fig_1392540.14.peg.1592	NODE_431_length_984_cov_1.459634	97.97	True	True
CONTIG	NODE_431_length_984_cov_1.459634	984	ambiguous
1	851	134	984	A39_fig_1219382.3.peg.783	NODE_432_length_984_cov_1.440258	98.24		False
1	851	134	984	CIP110549_fig_1392540.14.peg.397	NODE_432_length_984_cov_1.440258	99.06		True
CONTIG	NODE_432_length_984_cov_1.440258	984	correct
16141	17121	981	1	EC034_NZ_JAERJB010000002.1	NODE_433_length_981_cov_2.252700	97.45	True	True
95372	96352	1	981	EC031_NZ_JAERJC010000009.1	NODE_433_length_981_cov_2.252700	97.45	True	True
86961	87928	14	981	BB226_NZ_JAEQDM010000009.1	NODE_433_length_981_cov_2.252700	97.83	True	True
CONTIG	NODE_433_length_981_cov_2.252700	981	ambiguous
50364	51343	1	980	EC034_NZ_JAERJB010000003.1	NODE_434_length_980_cov_1.531892	98.37	True	True
50356	51335	1	980	EC031_NZ_JAERJC010000007.1	NODE_434_length_980_cov_1.531892	98.37	True	True
2665	3644	980	1	BB362_NZ_JAEQDL010000071.1	NODE_434_length_980_cov_1.531892	98.27	True	True
6893	7872	980	1	BB226_NZ_JAEQDM010000019.1	NODE_434_length_980_cov_1.531892	97.96	True	True
CONTIG	NODE_434_length_980_cov_1.531892	980	ambiguous
62563	63542	980	1	EC034_NZ_JAERJB010000008.1	NODE_435_length_980_cov_1.511351	97.24	True	True
71759	72738	980	1	EC031_NZ_JAERJC010000005.1	NODE_435_length_980_cov_1.511351	97.24	True	True
71841	72820	980	1	BB226_NZ_JAEQDM010000004.1	NODE_435_length_980_cov_1.511351	96.53	True	True
CONTIG	NODE_435_length_980_cov_1.511351	980	ambiguous
186481	187447	6	978	BB362_NZ_JAEQDL010000001.1	NODE_436_length_978_cov_2.128927	95.38		True
CONTIG	NODE_436_length_978_cov_2.128927	978	correct
47063	48034	1	972	BB226_NZ_JAEQDM010000006.1	NODE_437_length_978_cov_1.873239	99.18		True
CONTIG	NODE_437_length_978_cov_1.873239	978	correct
478	825	1	343	A39_fig_1219382.3.peg.1653	NODE_438_length_977_cov_2.000000	97.7		True
translocation
1	519	367	885	A39_fig_1219382.3.peg.1652	NODE_438_length_977_cov_2.000000	99.04		True
CONTIG	NODE_438_length_977_cov_2.000000	977	misassembled
103715	104690	976	1	EC034_NZ_JAERJB010000004.1	NODE_439_length_976_cov_2.744843	98.26	True	True
100397	101372	976	1	EC031_NZ_JAERJC010000008.1	NODE_439_length_976_cov_2.744843	98.26	True	True
22902	23877	1	976	BB226_NZ_JAEQDM010000021.1	NODE_439_length_976_cov_2.744843	97.75	True	True
227378	228352	976	1	BB362_NZ_JAEQDL010000001.1	NODE_439_length_976_cov_2.744843	97.75	True	True
CONTIG	NODE_439_length_976_cov_2.744843	976	ambiguous
64741	65715	1	975	FNA11_NZ_VTDS01000001.1	NODE_440_length_975_cov_1.731522	100.0	True	True
64741	65715	1	975	SCC474reference_NZ_VTDT01000014.1	NODE_440_length_975_cov_1.731522	100.0	True	True
64741	65715	1	975	FNA3_NZ_VTDT01000014.1	NODE_440_length_975_cov_1.731522	100.0	True	True
CONTIG	NODE_440_length_975_cov_1.731522	975	ambiguous
CONTIG	NODE_441_length_973_cov_2.393246	973	unaligned
2321	3291	971	1	BB226_NZ_JAEQDM010000023.1	NODE_442_length_971_cov_2.173581	98.97	True	True
141737	142707	1	971	EC034_NZ_JAERJB010000002.1	NODE_442_length_971_cov_2.173581	98.46	True	True
2105	3075	971	1	EC031_NZ_JAERJC010000020.1	NODE_442_length_971_cov_2.173581	98.46	True	True
137304	138274	1	971	BB362_NZ_JAEQDL010000003.1	NODE_442_length_971_cov_2.173581	98.25	True	True
CONTIG	NODE_442_length_971_cov_2.173581	971	ambiguous
19086	20055	1	970	BB226_NZ_JAEQDM010000019.1	NODE_443_length_970_cov_1.750820	99.18	True	True
38180	39149	970	1	EC034_NZ_JAERJB010000003.1	NODE_443_length_970_cov_1.750820	98.25	True	True
38172	39141	970	1	EC031_NZ_JAERJC010000007.1	NODE_443_length_970_cov_1.750820	98.25	True	True
CONTIG	NODE_443_length_970_cov_1.750820	970	ambiguous
6091	7059	1	969	EC034_NZ_JAERJB010000010.1	NODE_444_length_969_cov_1.474836	99.07	True	True
208118	209086	969	1	EC031_NZ_JAERJC010000001.1	NODE_444_length_969_cov_1.474836	99.07	True	True
3634	4602	1	969	BB362_NZ_JAEQDL010000047.1	NODE_444_length_969_cov_1.474836	98.56	True	True
5858	6826	1	969	BB226_NZ_JAEQDM010000016.1	NODE_444_length_969_cov_1.474836	98.56	True	True
CONTIG	NODE_444_length_969_cov_1.474836	969	ambiguous
65930	66896	967	1	BB362_NZ_JAEQDL010000004.1	NODE_445_length_967_cov_1.475877	98.14		True
CONTIG	NODE_445_length_967_cov_1.475877	967	correct
10767	11733	1	966	BB226_NZ_JAEQDM010000025.1	NODE_446_length_966_cov_2.626784	97.83	True	True
12769	13735	1	966	BB362_NZ_JAEQDL010000020.1	NODE_446_length_966_cov_2.626784	97.41	True	True
11239	12205	1	966	EC031_NZ_JAERJC010000019.1	NODE_446_length_966_cov_2.626784	97.31	True	True
11239	12205	1	966	EC034_NZ_JAERJB010000024.1	NODE_446_length_966_cov_2.626784	97.31	True	True
CONTIG	NODE_446_length_966_cov_2.626784	966	ambiguous
102355	103320	1	966	BB226_NZ_JAEQDM010000004.1	NODE_447_length_966_cov_2.464325	99.38		True
CONTIG	NODE_447_length_966_cov_2.464325	966	correct
316	1281	1	966	A39_fig_1219382.3.peg.1170	NODE_448_length_966_cov_1.796926	98.34	True	True
17141	18106	1	966	BB226_NZ_JAEQDM010000019.1	NODE_448_length_966_cov_1.796926	98.14	True	True
316	1281	1	966	CIP110549_fig_1392540.14.peg.1334	NODE_448_length_966_cov_1.796926	98.14	True	True
40129	41094	966	1	EC034_NZ_JAERJB010000003.1	NODE_448_length_966_cov_1.796926	98.03	True	True
40121	41086	966	1	EC031_NZ_JAERJC010000007.1	NODE_448_length_966_cov_1.796926	98.03	True	True
6623	7588	1	966	BB362_NZ_JAEQDL010000030.1	NODE_448_length_966_cov_1.796926	97.83	True	True
CONTIG	NODE_448_length_966_cov_1.796926	966	ambiguous
7140	8101	4	965	CIP110549_fig_1392540.14.peg.2485	NODE_449_length_965_cov_2.506593	95.34	True	True
3813	4774	4	965	A39_fig_1219382.3.peg.2441	NODE_449_length_965_cov_2.506593	95.03	True	True
CONTIG	NODE_449_length_965_cov_2.506593	965	ambiguous
16345	17309	965	1	EC034_NZ_JAERJB010000028.1	NODE_450_length_965_cov_2.368132	97.31	True	True
16345	17309	965	1	EC031_NZ_JAERJC010000004.1	NODE_450_length_965_cov_2.368132	97.31	True	True
16223	17187	1	965	BB362_NZ_JAEQDL010000025.1	NODE_450_length_965_cov_2.368132	97.1	True	True
17587	18551	965	1	BB226_NZ_JAEQDM010000005.1	NODE_450_length_965_cov_2.368132	96.48	True	True
CONTIG	NODE_450_length_965_cov_2.368132	965	ambiguous
CONTIG	NODE_451_length_964_cov_3.445545	964	unaligned
763	1659	894	1	EC031_NZ_JAERJC010000039.1	NODE_452_length_964_cov_3.204620	97.21		False
12616	13505	890	1	EC034_NZ_JAERJB010000017.1	NODE_452_length_964_cov_3.204620	97.75		False
7760	8650	891	1	B5B_NZ_VTDL01000037.1	NODE_452_length_964_cov_3.204620	97.31		False
42046	42935	1	890	EC031_NZ_JAERJC010000015.1	NODE_452_length_964_cov_3.204620	97.75		True
interspecies translocation
6290	6358	896	964	SCC477_NZ_VTDQ01000064.1	NODE_452_length_964_cov_3.204620	100.0		True
CONTIG	NODE_452_length_964_cov_3.204620	964	misassembled
76963	77926	1	964	EC031_NZ_JAERJC010000002.1	NODE_453_length_964_cov_1.651265	98.03	True	True
77143	78106	1	964	EC034_NZ_JAERJB010000012.1	NODE_453_length_964_cov_1.651265	98.03	True	True
78344	79302	6	964	BB226_NZ_JAEQDM010000012.1	NODE_453_length_964_cov_1.651265	98.54	True	True
CONTIG	NODE_453_length_964_cov_1.651265	964	ambiguous
49121	49673	1	553	EC031_NZ_JAERJC010000003.1	NODE_454_length_964_cov_1.433443	98.01		False
142697	143249	553	1	EC034_NZ_JAERJB010000001.1	NODE_454_length_964_cov_1.433443	98.01		False
50197	50612	548	964	EC031_NZ_JAERJC010000003.1	NODE_454_length_964_cov_1.433443	96.16		False
141758	142173	964	548	EC034_NZ_JAERJB010000001.1	NODE_454_length_964_cov_1.433443	96.16		False
2122	2674	553	1	BB226_NZ_JAEQDM010000007.1	NODE_454_length_964_cov_1.433443	98.55		True
local misassembly
1184	1592	963	554	BB226_NZ_JAEQDM010000007.1	NODE_454_length_964_cov_1.433443	96.39		True
CONTIG	NODE_454_length_964_cov_1.433443	964	correct
38921	39883	1	963	BB226_NZ_JAEQDM010000017.1	NODE_455_length_963_cov_1.894273	98.55	True	True
329	1291	963	1	A39_fig_1219382.3.peg.2464	NODE_455_length_963_cov_1.894273	98.55	True	True
29047	30009	1	963	EC034_NZ_JAERJB010000016.1	NODE_455_length_963_cov_1.894273	98.44	True	True
29047	30009	1	963	EC031_NZ_JAERJC010000013.1	NODE_455_length_963_cov_1.894273	98.44	True	True
CONTIG	NODE_455_length_963_cov_1.894273	963	ambiguous
236717	237679	963	1	EC24_NZ_VTDO01000004.1	NODE_456_length_963_cov_1.655286	99.48	True	True
64735	65697	1	963	EC115_NZ_VTDP01000003.1	NODE_456_length_963_cov_1.655286	99.38	True	True
CONTIG	NODE_456_length_963_cov_1.655286	963	ambiguous
27391	28352	1	962	BB226_NZ_JAEQDM010000004.1	NODE_457_length_962_cov_2.037486	97.92	True	True
48548	49509	1	962	BB362_NZ_JAEQDL010000002.1	NODE_457_length_962_cov_2.037486	97.82	True	True
18852	19813	1	962	EC034_NZ_JAERJB010000008.1	NODE_457_length_962_cov_2.037486	97.09	True	True
28048	29009	1	962	EC031_NZ_JAERJC010000005.1	NODE_457_length_962_cov_2.037486	97.09	True	True
CONTIG	NODE_457_length_962_cov_2.037486	962	ambiguous
110892	111851	960	1	EC031_NZ_JAERJC010000006.1	NODE_458_length_960_cov_2.043094	98.23	True	True
45338	46297	1	960	EC034_NZ_JAERJB010000007.1	NODE_458_length_960_cov_2.043094	98.23	True	True
6146	7105	960	1	BB362_NZ_JAEQDL010000033.1	NODE_458_length_960_cov_2.043094	97.92	True	True
CONTIG	NODE_458_length_960_cov_2.043094	960	ambiguous
21188	22146	959	1	BB226_NZ_JAEQDM010000033.1	NODE_459_length_959_cov_2.982301	99.17	True	True
44265	45223	1	959	BB362_NZ_JAEQDL010000007.1	NODE_459_length_959_cov_2.982301	98.64	True	True
CONTIG	NODE_459_length_959_cov_2.982301	959	ambiguous
CONTIG	NODE_460_length_958_cov_1.932447	958	unaligned
201937	202897	1	957	EC031_NZ_JAERJC010000002.1	NODE_461_length_957_cov_2.650776	96.88	True	True
9914	10874	1	957	EC034_NZ_JAERJB010000023.1	NODE_461_length_957_cov_2.650776	96.88	True	True
CONTIG	NODE_461_length_957_cov_2.650776	957	ambiguous
17628	18582	1	955	BB362_NZ_JAEQDL010000017.1	NODE_462_length_955_cov_2.210000	98.74	True	True
615	1568	955	2	CIP110549_fig_1392540.14.peg.1710	NODE_462_length_955_cov_2.210000	98.64	True	True
23259	24212	955	2	EC034_NZ_JAERJB010000018.1	NODE_462_length_955_cov_2.210000	98.53	True	True
23259	24212	955	2	EC031_NZ_JAERJC010000014.1	NODE_462_length_955_cov_2.210000	98.53	True	True
615	1569	955	1	A39_fig_1219382.3.peg.2066	NODE_462_length_955_cov_2.210000	97.91	True	True
110700	111653	2	955	BB226_NZ_JAEQDM010000003.1	NODE_462_length_955_cov_2.210000	98.01	True	True
CONTIG	NODE_462_length_955_cov_2.210000	955	ambiguous
5582	6536	955	1	BB226_NZ_JAEQDM010000001.1	NODE_463_length_955_cov_2.166667	98.64	True	True
45012	45966	955	1	EC031_NZ_JAERJC010000010.1	NODE_463_length_955_cov_2.166667	98.32	True	True
65489	66443	1	955	EC034_NZ_JAERJB010000006.1	NODE_463_length_955_cov_2.166667	98.32	True	True
40525	41479	1	955	BB362_NZ_JAEQDL010000006.1	NODE_463_length_955_cov_2.166667	98.01	True	True
CONTIG	NODE_463_length_955_cov_2.166667	955	ambiguous
477	1431	955	1	A39_fig_1219382.3.peg.2463	NODE_464_length_955_cov_2.076667	98.95	True	True
477	1431	955	1	CIP110549_fig_1392540.14.peg.2377	NODE_464_length_955_cov_2.076667	98.64	True	True
36784	37738	1	955	BB226_NZ_JAEQDM010000017.1	NODE_464_length_955_cov_2.076667	98.32	True	True
18026	18980	1	955	BB362_NZ_JAEQDL010000009.1	NODE_464_length_955_cov_2.076667	98.12	True	True
CONTIG	NODE_464_length_955_cov_2.076667	955	ambiguous
8634	9530	897	1	BB226_NZ_JAEQDM010000007.1	NODE_465_length_954_cov_3.027809	96.77		True
CONTIG	NODE_465_length_954_cov_3.027809	954	correct
4013	4966	954	1	EC031_NZ_JAERJC010000022.1	NODE_466_length_954_cov_2.301446	100.0	True	True
1201	2154	1	954	EC034_NZ_JAERJB010000035.1	NODE_466_length_954_cov_2.301446	100.0	True	True
CONTIG	NODE_466_length_954_cov_2.301446	954	ambiguous
1517	2469	2	954	BB226_NZ_JAEQDM010000063.1	NODE_467_length_954_cov_2.174638	97.9		True
CONTIG	NODE_467_length_954_cov_2.174638	954	correct
34039	34988	953	1	BB226_NZ_JAEQDM010000018.1	NODE_468_length_953_cov_2.103563	97.38		True
CONTIG	NODE_468_length_953_cov_2.103563	953	correct
51001	51953	1	953	BB362_NZ_JAEQDL010000003.1	NODE_469_length_953_cov_1.709354	98.64	True	True
54710	55662	1	953	EC034_NZ_JAERJB010000002.1	NODE_469_length_953_cov_1.709354	98.11	True	True
56831	57783	953	1	EC031_NZ_JAERJC010000009.1	NODE_469_length_953_cov_1.709354	98.11	True	True
CONTIG	NODE_469_length_953_cov_1.709354	953	ambiguous
216410	217360	951	1	EC031_NZ_JAERJC010000001.1	NODE_470_length_951_cov_1.434152	97.9		True
CONTIG	NODE_470_length_951_cov_1.434152	951	correct
56020	56970	1	951	BB362_NZ_JAEQDL010000006.1	NODE_471_length_951_cov_1.408482	96.21	True	True
46115	47065	951	1	BB226_NZ_JAEQDM010000018.1	NODE_471_length_951_cov_1.408482	96.11	True	True
CONTIG	NODE_471_length_951_cov_1.408482	951	ambiguous
4996	5942	1	947	BB226_NZ_JAEQDM010000011.1	NODE_472_length_947_cov_2.541480	99.47	True	True
88630	89576	1	946	EC031_NZ_JAERJC010000002.1	NODE_472_length_947_cov_2.541480	99.26	True	True
49642	50588	946	1	EC034_NZ_JAERJB010000019.1	NODE_472_length_947_cov_2.541480	99.26	True	True
7814	8759	1	946	BB362_NZ_JAEQDL010000001.1	NODE_472_length_947_cov_2.541480	98.94	True	True
CONTIG	NODE_472_length_947_cov_2.541480	947	ambiguous
6581	7526	946	1	BB226_NZ_JAEQDM010000014.1	NODE_473_length_946_cov_1.659933	98.94	True	True
73875	74820	1	946	BB362_NZ_JAEQDL010000005.1	NODE_473_length_946_cov_1.659933	98.1	True	True
127248	128193	1	946	EC034_NZ_JAERJB010000003.1	NODE_473_length_946_cov_1.659933	97.99	True	True
127240	128185	1	946	EC031_NZ_JAERJC010000007.1	NODE_473_length_946_cov_1.659933	97.99	True	True
CONTIG	NODE_473_length_946_cov_1.659933	946	ambiguous
22861	23806	1	946	BB226_NZ_JAEQDM010000017.1	NODE_474_length_946_cov_1.593715	96.51		True
CONTIG	NODE_474_length_946_cov_1.593715	946	correct
145644	146581	1	938	EC031_NZ_JAERJC010000006.1	NODE_475_length_945_cov_2.211236	99.04	True	True
10608	11545	938	1	EC034_NZ_JAERJB010000007.1	NODE_475_length_945_cov_2.211236	99.04	True	True
16849	17793	1	945	BB362_NZ_JAEQDL010000028.1	NODE_475_length_945_cov_2.211236	98.1	True	True
1436	2373	1	938	BB226_NZ_JAEQDM010000043.1	NODE_475_length_945_cov_2.211236	98.19	True	True
CONTIG	NODE_475_length_945_cov_2.211236	945	ambiguous
103671	104613	1	944	EC031_NZ_JAERJC010000007.1	NODE_476_length_945_cov_2.007865	98.41	True	True
103679	104621	1	944	EC034_NZ_JAERJB010000003.1	NODE_476_length_945_cov_2.007865	98.41	True	True
30180	31121	945	4	BB226_NZ_JAEQDM010000014.1	NODE_476_length_945_cov_2.007865	98.3	True	True
CONTIG	NODE_476_length_945_cov_2.007865	945	ambiguous
63373	64317	945	1	BB226_NZ_JAEQDM010000012.1	NODE_477_length_945_cov_1.470787	97.46		True
CONTIG	NODE_477_length_945_cov_1.470787	945	correct
1761	2704	944	1	BB362_NZ_JAEQDL010000027.1	NODE_478_length_944_cov_1.962880	99.26	True	True
114733	115676	944	1	EC034_NZ_JAERJB010000001.1	NODE_478_length_944_cov_1.962880	98.94	True	True
76694	77637	1	944	EC031_NZ_JAERJC010000003.1	NODE_478_length_944_cov_1.962880	98.94	True	True
CONTIG	NODE_478_length_944_cov_1.962880	944	ambiguous
3602	4545	1	944	BB226_NZ_JAEQDM010000058.1	NODE_479_length_944_cov_1.848144	98.52		True
CONTIG	NODE_479_length_944_cov_1.848144	944	correct
73	1013	941	1	A39_fig_1219382.3.peg.1893	NODE_480_length_941_cov_2.164786	99.79	True	True
37644	38584	941	1	BB226_NZ_JAEQDM010000001.1	NODE_480_length_941_cov_2.164786	99.57	True	True
73	1013	941	1	CIP110549_fig_1392540.14.peg.2098	NODE_480_length_941_cov_2.164786	99.36	True	True
8743	9683	1	941	BB362_NZ_JAEQDL010000006.1	NODE_480_length_941_cov_2.164786	99.15	True	True
34140	35080	1	941	EC034_NZ_JAERJB010000006.1	NODE_480_length_941_cov_2.164786	99.04	True	True
76375	77315	941	1	EC031_NZ_JAERJC010000010.1	NODE_480_length_941_cov_2.164786	99.04	True	True
CONTIG	NODE_480_length_941_cov_2.164786	941	ambiguous
18720	19659	1	940	BB362_NZ_JAEQDL010000017.1	NODE_481_length_940_cov_1.867797	99.68	True	True
111791	112730	1	940	BB226_NZ_JAEQDM010000003.1	NODE_481_length_940_cov_1.867797	98.83	True	True
22182	23121	940	1	EC031_NZ_JAERJC010000014.1	NODE_481_length_940_cov_1.867797	98.72	True	True
22182	23121	940	1	EC034_NZ_JAERJB010000018.1	NODE_481_length_940_cov_1.867797	98.72	True	True
CONTIG	NODE_481_length_940_cov_1.867797	940	ambiguous
137799	138735	937	1	EC031_NZ_JAERJC010000004.1	NODE_482_length_939_cov_1.814480	98.19	True	True
6089	7025	1	937	EC034_NZ_JAERJB010000027.1	NODE_482_length_939_cov_1.814480	98.19	True	True
8617	9555	939	1	BB362_NZ_JAEQDL010000057.1	NODE_482_length_939_cov_1.814480	97.98	True	True
CONTIG	NODE_482_length_939_cov_1.814480	939	ambiguous
1188	2124	938	2	BB226_NZ_JAEQDM010000065.1	NODE_483_length_938_cov_3.621744	97.12		True
CONTIG	NODE_483_length_938_cov_3.621744	938	correct
98117	99059	938	1	BB226_NZ_JAEQDM010000006.1	NODE_484_length_938_cov_2.284258	96.82	True	True
7773	8710	938	1	BB362_NZ_JAEQDL010000038.1	NODE_484_length_938_cov_2.284258	96.48	True	True
CONTIG	NODE_484_length_938_cov_2.284258	938	ambiguous
83237	84167	5	935	EC034_NZ_JAERJB010000002.1	NODE_485_length_937_cov_3.136054	95.6	True	True
28326	29256	935	5	EC031_NZ_JAERJC010000009.1	NODE_485_length_937_cov_3.136054	95.6	True	True
79504	80436	5	937	BB362_NZ_JAEQDL010000003.1	NODE_485_length_937_cov_3.136054	94.86	True	True
6300	7224	929	5	BB226_NZ_JAEQDM010000009.1	NODE_485_length_937_cov_3.136054	95.46	True	True
CONTIG	NODE_485_length_937_cov_3.136054	937	ambiguous
32953	33889	1	937	BB226_NZ_JAEQDM010000016.1	NODE_486_length_937_cov_2.408163	99.15	True	True
45177	46113	1	937	EC034_NZ_JAERJB010000010.1	NODE_486_length_937_cov_2.408163	98.19	True	True
169064	170000	937	1	EC031_NZ_JAERJC010000001.1	NODE_486_length_937_cov_2.408163	98.19	True	True
CONTIG	NODE_486_length_937_cov_2.408163	937	ambiguous
1617	2287	936	265	B10A_NZ_VTDM01000043.1	NODE_487_length_936_cov_4.637911	91.67		True
CONTIG	NODE_487_length_936_cov_4.637911	936	correct
143777	144710	934	1	BB362_NZ_JAEQDL010000002.1	NODE_488_length_934_cov_2.073948	99.36	True	True
122533	123466	934	1	EC031_NZ_JAERJC010000005.1	NODE_488_length_934_cov_2.073948	99.04	True	True
10152	11085	934	1	EC034_NZ_JAERJB010000021.1	NODE_488_length_934_cov_2.073948	99.04	True	True
CONTIG	NODE_488_length_934_cov_2.073948	934	ambiguous
29673	30606	1	934	EC034_NZ_JAERJB010000010.1	NODE_489_length_934_cov_1.486917	97.22	True	True
184571	185504	934	1	EC031_NZ_JAERJC010000001.1	NODE_489_length_934_cov_1.486917	97.22	True	True
CONTIG	NODE_489_length_934_cov_1.486917	934	ambiguous
935	1867	1	933	CIP110549_fig_1392540.14.peg.1825	NODE_490_length_933_cov_2.246014	98.39	True	True
13910	14842	933	1	BB362_NZ_JAEQDL010000011.1	NODE_490_length_933_cov_2.246014	98.29	True	True
935	1867	1	933	A39_fig_1219382.3.peg.2179	NODE_490_length_933_cov_2.246014	98.07	True	True
54846	55778	1	933	EC034_NZ_JAERJB010000015.1	NODE_490_length_933_cov_2.246014	97.96	True	True
156779	157711	933	1	EC031_NZ_JAERJC010000004.1	NODE_490_length_933_cov_2.246014	97.96	True	True
CONTIG	NODE_490_length_933_cov_2.246014	933	ambiguous
118558	119490	1	933	BB362_NZ_JAEQDL010000001.1	NODE_491_length_933_cov_1.963554	97.64	True	True
232701	233634	1	933	EC031_NZ_JAERJC010000002.1	NODE_491_length_933_cov_1.963554	97.22	True	True
40678	41611	1	933	EC034_NZ_JAERJB010000023.1	NODE_491_length_933_cov_1.963554	97.22	True	True
CONTIG	NODE_491_length_933_cov_1.963554	933	ambiguous
34929	35860	1	932	BB226_NZ_JAEQDM010000010.1	NODE_492_length_932_cov_1.156214	97.85	True	True
10205	11136	1	932	BB362_NZ_JAEQDL010000018.1	NODE_492_length_932_cov_1.156214	97.42	True	True
90472	91403	1	932	EC031_NZ_JAERJC010000006.1	NODE_492_length_932_cov_1.156214	97.32	True	True
65786	66717	932	1	EC034_NZ_JAERJB010000007.1	NODE_492_length_932_cov_1.156214	97.32	True	True
CONTIG	NODE_492_length_932_cov_1.156214	932	ambiguous
289	1196	931	1	BB226_NZ_JAEQDM010000042.1	NODE_493_length_931_cov_3.307078	93.88	True	True
240	1149	1	931	BB362_NZ_JAEQDL010000056.1	NODE_493_length_931_cov_3.307078	93.88	True	True
CONTIG	NODE_493_length_931_cov_3.307078	931	ambiguous
19660	20569	910	1	BB362_NZ_JAEQDL010000002.1	NODE_494_length_930_cov_3.144000	97.47		True
CONTIG	NODE_494_length_930_cov_3.144000	930	correct
CONTIG	NODE_495_length_929_cov_2.337529	929	unaligned
11130	12058	929	1	BB362_NZ_JAEQDL010000044.1	NODE_496_length_929_cov_1.419908	99.25		True
CONTIG	NODE_496_length_929_cov_1.419908	929	correct
19608	20529	1	922	BB226_NZ_JAEQDM010000033.1	NODE_497_length_928_cov_2.308133	97.61	True	True
12640	13561	1	922	EC034_NZ_JAERJB010000005.1	NODE_497_length_928_cov_2.308133	97.29	True	True
113003	113924	922	1	EC031_NZ_JAERJC010000001.1	NODE_497_length_928_cov_2.308133	97.29	True	True
CONTIG	NODE_497_length_928_cov_2.308133	928	ambiguous
4839	5766	1	928	BB226_NZ_JAEQDM010000015.1	NODE_498_length_928_cov_1.955326	98.17	True	True
127403	128330	1	928	EC031_NZ_JAERJC010000005.1	NODE_498_length_928_cov_1.955326	97.2	True	True
15022	15949	1	928	EC034_NZ_JAERJB010000021.1	NODE_498_length_928_cov_1.955326	97.2	True	True
CONTIG	NODE_498_length_928_cov_1.955326	928	ambiguous
1000	1920	927	7	CIP110549_fig_1392540.14.peg.1265	NODE_499_length_927_cov_1.313073	99.46	True	True
1000	1920	927	7	A39_fig_1219382.3.peg.1240	NODE_499_length_927_cov_1.313073	98.91	True	True
CONTIG	NODE_499_length_927_cov_1.313073	927	ambiguous
91144	92070	1	927	BB226_NZ_JAEQDM010000005.1	NODE_500_length_927_cov_1.264908	99.57		True
CONTIG	NODE_500_length_927_cov_1.264908	927	correct
42827	43014	738	926	BB226_NZ_JAEQDM010000010.1	NODE_501_length_926_cov_2.425947	97.37		False
31453	32260	819	12	BB362_NZ_JAEQDL010000008.1	NODE_501_length_926_cov_2.425947	97.28		False
111839	112657	819	1	EC031_NZ_JAERJC010000003.1	NODE_501_length_926_cov_2.425947	96.34		False
79713	80531	1	819	EC034_NZ_JAERJB010000001.1	NODE_501_length_926_cov_2.425947	96.34		False
58638	58819	919	738	EC034_NZ_JAERJB010000007.1	NODE_501_length_926_cov_2.425947	98.35		False
98370	98551	738	919	EC031_NZ_JAERJC010000006.1	NODE_501_length_926_cov_2.425947	98.35		False
78303	79125	1	819	BB226_NZ_JAEQDM010000002.1	NODE_501_length_926_cov_2.425947	97.08		True
interspecies translocation
18185	18291	820	926	BB362_NZ_JAEQDL010000018.1	NODE_501_length_926_cov_2.425947	98.41		True
CONTIG	NODE_501_length_926_cov_2.425947	926	misassembled
185688	186598	911	1	EC034_NZ_JAERJB010000001.1	NODE_502_length_924_cov_2.101266	97.37		False
5772	6682	1	911	EC031_NZ_JAERJC010000003.1	NODE_502_length_924_cov_2.101266	97.37		True
CONTIG	NODE_502_length_924_cov_2.101266	924	correct
67949	68872	1	923	BB226_NZ_JAEQDM010000004.1	NODE_503_length_923_cov_1.981567	97.73		True
CONTIG	NODE_503_length_923_cov_1.981567	923	correct
19150	20075	1	915	BB226_NZ_JAEQDM010000028.1	NODE_504_length_921_cov_2.839492	96.12		True
CONTIG	NODE_504_length_921_cov_2.839492	921	correct
1131	2051	921	1	CIP110549_fig_1392540.14.peg.2138	NODE_505_length_921_cov_2.469977	99.24	True	True
1133	2051	919	1	A39_fig_1219382.3.peg.1853	NODE_505_length_921_cov_2.469977	98.91	True	True
CONTIG	NODE_505_length_921_cov_2.469977	921	ambiguous
1972	2853	40	921	EC034_NZ_JAERJB010000039.1	NODE_506_length_921_cov_1.968822	97.28		False
223670	224551	921	40	EC031_NZ_JAERJC010000004.1	NODE_506_length_921_cov_1.968822	97.28		False
26478	27359	921	40	BB362_NZ_JAEQDL010000016.1	NODE_506_length_921_cov_1.968822	97.05		False
75366	76247	921	40	BB226_NZ_JAEQDM010000003.1	NODE_506_length_921_cov_1.968822	97.28		True
CONTIG	NODE_506_length_921_cov_1.968822	921	correct
1987	2893	908	1	BB362_NZ_JAEQDL010000060.1	NODE_507_length_919_cov_2.553241	96.48		True
CONTIG	NODE_507_length_919_cov_2.553241	919	correct
128	1046	918	1	CIP110549_fig_1392540.14.peg.505	NODE_508_length_918_cov_1.640788	99.13	True	True
128	1040	918	7	A39_fig_1219382.3.peg.1573	NODE_508_length_918_cov_1.640788	98.8	True	True
CONTIG	NODE_508_length_918_cov_1.640788	918	ambiguous
1212	2130	1	918	CIP110549_fig_1392540.14.peg.1369	NODE_509_length_918_cov_1.249131	98.15	True	True
1212	2130	1	918	A39_fig_1219382.3.peg.1135	NODE_509_length_918_cov_1.249131	97.93	True	True
CONTIG	NODE_509_length_918_cov_1.249131	918	ambiguous
418	831	1	414	ANC4422_fig_1219383.5.peg.1997	NODE_510_length_916_cov_2.651568	99.03		False
1	489	428	916	CIP110549_fig_1392540.14.peg.258	NODE_510_length_916_cov_2.651568	97.75		False
418	831	1	414	CIP110549_fig_1392540.14.peg.259	NODE_510_length_916_cov_2.651568	99.28		True
interspecies translocation
1	489	428	916	ANC4422_fig_1219383.5.peg.1996	NODE_510_length_916_cov_2.651568	98.16		True
CONTIG	NODE_510_length_916_cov_2.651568	916	misassembled
209891	210806	1	916	EC031_NZ_JAERJC010000001.1	NODE_511_length_916_cov_2.131243	98.58	True	True
4371	5286	916	1	EC034_NZ_JAERJB010000010.1	NODE_511_length_916_cov_2.131243	98.58	True	True
4138	5053	916	1	BB226_NZ_JAEQDM010000016.1	NODE_511_length_916_cov_2.131243	98.36	True	True
CONTIG	NODE_511_length_916_cov_2.131243	916	ambiguous
38151	39087	1	916	BB226_NZ_JAEQDM010000021.1	NODE_512_length_916_cov_1.793264	97.33		True
CONTIG	NODE_512_length_916_cov_1.793264	916	correct
26009	26923	915	1	EC034_NZ_JAERJB010000004.1	NODE_513_length_915_cov_1.523256	98.47	True	True
22691	23605	915	1	EC031_NZ_JAERJC010000008.1	NODE_513_length_915_cov_1.523256	98.47	True	True
149263	150177	915	1	BB362_NZ_JAEQDL010000001.1	NODE_513_length_915_cov_1.523256	98.14	True	True
CONTIG	NODE_513_length_915_cov_1.523256	915	ambiguous
153	915	1	763	EC031_NZ_JAERJC010000019.1	NODE_514_length_914_cov_2.540163	94.36		False
153	915	1	763	EC034_NZ_JAERJB010000024.1	NODE_514_length_914_cov_2.540163	94.36		True
CONTIG	NODE_514_length_914_cov_2.540163	914	correct
CONTIG	NODE_515_length_914_cov_1.904540	914	unaligned
10226	11137	1	912	BB226_NZ_JAEQDM010000018.1	NODE_516_length_912_cov_3.011669	99.67		True
CONTIG	NODE_516_length_912_cov_3.011669	912	correct
66	977	1	912	A39_fig_1219382.3.peg.1811	NODE_517_length_912_cov_2.394399	98.9	True	True
66	977	1	912	CIP110549_fig_1392540.14.peg.2172	NODE_517_length_912_cov_2.394399	98.68	True	True
10581	11492	1	912	BB362_NZ_JAEQDL010000043.1	NODE_517_length_912_cov_2.394399	98.25	True	True
116985	117896	1	912	BB226_NZ_JAEQDM010000001.1	NODE_517_length_912_cov_2.394399	98.14	True	True
CONTIG	NODE_517_length_912_cov_2.394399	912	ambiguous
52796	53707	1	912	EC031_NZ_JAERJC010000011.1	NODE_518_length_912_cov_2.390898	98.57	True	True
40225	41136	1	912	EC034_NZ_JAERJB010000014.1	NODE_518_length_912_cov_2.390898	98.57	True	True
124855	125766	1	912	BB226_NZ_JAEQDM010000001.1	NODE_518_length_912_cov_2.390898	98.03	True	True
CONTIG	NODE_518_length_912_cov_2.390898	912	ambiguous
1837	2748	1	912	BB226_NZ_JAEQDM010000032.1	NODE_519_length_912_cov_1.784131	97.92		True
CONTIG	NODE_519_length_912_cov_1.784131	912	correct
590	1502	912	1	CIP110549_fig_1392540.14.peg.1084	NODE_520_length_912_cov_1.283547	97.37	True	True
595	1502	907	1	A39_fig_1219382.3.peg.264	NODE_520_length_912_cov_1.283547	97.14	True	True
CONTIG	NODE_520_length_912_cov_1.283547	912	ambiguous
81155	82064	910	1	EC031_NZ_JAERJC010000005.1	NODE_521_length_910_cov_1.989474	98.35	True	True
71959	72868	910	1	EC034_NZ_JAERJB010000008.1	NODE_521_length_910_cov_1.989474	98.35	True	True
81244	82153	910	1	BB226_NZ_JAEQDM010000004.1	NODE_521_length_910_cov_1.989474	98.02	True	True
101607	102516	910	1	BB362_NZ_JAEQDL010000002.1	NODE_521_length_910_cov_1.989474	97.69	True	True
CONTIG	NODE_521_length_910_cov_1.989474	910	ambiguous
174	1082	1	909	A39_fig_1219382.3.peg.1642	NODE_522_length_909_cov_2.858314	98.9	True	True
174	1082	1	909	CIP110549_fig_1392540.14.peg.436	NODE_522_length_909_cov_2.858314	98.46	True	True
CONTIG	NODE_522_length_909_cov_2.858314	909	ambiguous
1	204	222	425	CIP110549_fig_1392540.14.peg.788	NODE_523_length_908_cov_1.570926	99.51		False
1	274	601	874	CIP110549_fig_1392540.14.peg.787	NODE_523_length_908_cov_1.570926	99.64		False
1	204	222	425	A39_fig_1219382.3.peg.604	NODE_523_length_908_cov_1.570926	100.0		True
translocation
1	275	601	875	A39_fig_1219382.3.peg.605	NODE_523_length_908_cov_1.570926	99.64		True
CONTIG	NODE_523_length_908_cov_1.570926	908	misassembled
2267	3165	1	899	BB226_NZ_JAEQDM010000037.1	NODE_524_length_904_cov_1.965842	97.89		True
CONTIG	NODE_524_length_904_cov_1.965842	904	correct
151040	151943	904	1	BB362_NZ_JAEQDL010000001.1	NODE_525_length_904_cov_1.343934	97.68		True
CONTIG	NODE_525_length_904_cov_1.343934	904	correct
16052	16949	903	6	EC031_NZ_JAERJC010000005.1	NODE_526_length_903_cov_2.051887	97.44	True	True
6856	7753	903	6	EC034_NZ_JAERJB010000008.1	NODE_526_length_903_cov_2.051887	97.44	True	True
15382	16279	903	6	BB226_NZ_JAEQDM010000004.1	NODE_526_length_903_cov_2.051887	96.88	True	True
CONTIG	NODE_526_length_903_cov_2.051887	903	ambiguous
14701	15604	1	902	BB226_NZ_JAEQDM010000037.1	NODE_527_length_902_cov_2.962220	98.45	True	True
90489	91389	900	1	EC034_NZ_JAERJB010000002.1	NODE_527_length_902_cov_2.962220	98.11	True	True
21104	22004	1	900	EC031_NZ_JAERJC010000009.1	NODE_527_length_902_cov_2.962220	98.11	True	True
CONTIG	NODE_527_length_902_cov_2.962220	902	ambiguous
48924	49819	897	1	BB226_NZ_JAEQDM010000005.1	NODE_528_length_900_cov_2.679290	99.0	True	True
8244	9143	900	1	BB362_NZ_JAEQDL010000023.1	NODE_528_length_900_cov_2.679290	98.33	True	True
66758	67654	1	897	EC034_NZ_JAERJB010000013.1	NODE_528_length_900_cov_2.679290	98.1	True	True
43734	44630	897	1	EC031_NZ_JAERJC010000004.1	NODE_528_length_900_cov_2.679290	98.1	True	True
CONTIG	NODE_528_length_900_cov_2.679290	900	ambiguous
129077	129976	900	1	BB226_NZ_JAEQDM010000001.1	NODE_529_length_900_cov_2.124260	99.78	True	True
4347	5246	900	1	BB362_NZ_JAEQDL010000034.1	NODE_529_length_900_cov_2.124260	98.89	True	True
CONTIG	NODE_529_length_900_cov_2.124260	900	ambiguous
40	510	492	22	A39_fig_1219382.3.peg.2301	NODE_530_length_900_cov_1.912426	92.14		False
27511	27981	492	22	EC031_NZ_JAERJC010000004.1	NODE_530_length_900_cov_1.912426	91.51		False
40	510	492	22	CIP110549_fig_1392540.14.peg.1942	NODE_530_length_900_cov_1.912426	92.14		True
CONTIG	NODE_530_length_900_cov_1.912426	900	correct
CONTIG	NODE_531_length_896_cov_1.701546	896	unaligned
38069	38964	896	1	BB226_NZ_JAEQDM010000013.1	NODE_532_length_896_cov_1.652794	98.55	True	True
35947	36840	894	1	EC031_NZ_JAERJC010000008.1	NODE_532_length_896_cov_1.652794	98.32	True	True
39265	40158	894	1	EC034_NZ_JAERJB010000004.1	NODE_532_length_896_cov_1.652794	98.32	True	True
162513	163404	896	5	BB362_NZ_JAEQDL010000001.1	NODE_532_length_896_cov_1.652794	98.54	True	True
CONTIG	NODE_532_length_896_cov_1.652794	896	ambiguous
CONTIG	NODE_533_length_895_cov_2.759524	895	unaligned
150296	151190	895	1	EC031_NZ_JAERJC010000001.1	NODE_534_length_895_cov_2.080952	99.22	True	True
63987	64881	1	895	EC034_NZ_JAERJB010000010.1	NODE_534_length_895_cov_2.080952	99.22	True	True
51773	52667	1	895	BB226_NZ_JAEQDM010000016.1	NODE_534_length_895_cov_2.080952	98.66	True	True
8229	9123	895	1	BB362_NZ_JAEQDL010000014.1	NODE_534_length_895_cov_2.080952	98.44	True	True
CONTIG	NODE_534_length_895_cov_2.080952	895	ambiguous
136994	137890	1	895	EC031_NZ_JAERJC010000002.1	NODE_535_length_895_cov_1.702381	98.89	True	True
1328	2224	895	1	EC034_NZ_JAERJB010000019.1	NODE_535_length_895_cov_1.702381	98.89	True	True
34639	35535	1	895	BB226_NZ_JAEQDM010000011.1	NODE_535_length_895_cov_1.702381	98.77	True	True
CONTIG	NODE_535_length_895_cov_1.702381	895	ambiguous
7321	8211	895	5	BB226_NZ_JAEQDM010000016.1	NODE_536_length_895_cov_1.519048	98.32		True
CONTIG	NODE_536_length_895_cov_1.519048	895	correct
14807	15697	891	1	EC031_NZ_JAERJC010000004.1	NODE_537_length_894_cov_1.592372	97.87	True	True
14807	15697	891	1	EC034_NZ_JAERJB010000028.1	NODE_537_length_894_cov_1.592372	97.87	True	True
17835	18716	1	882	BB362_NZ_JAEQDL010000025.1	NODE_537_length_894_cov_1.592372	98.07	True	True
CONTIG	NODE_537_length_894_cov_1.592372	894	ambiguous
21736	22628	893	1	BB362_NZ_JAEQDL010000032.1	NODE_538_length_893_cov_2.173031	98.1	True	True
1102	1994	893	1	CIP110549_fig_1392540.14.peg.195	NODE_538_length_893_cov_2.173031	98.1	True	True
1102	1994	893	1	A39_fig_1219382.3.peg.1329	NODE_538_length_893_cov_2.173031	97.98	True	True
CONTIG	NODE_538_length_893_cov_2.173031	893	ambiguous
633	1526	893	1	A39_fig_1219382.3.peg.1879	NODE_539_length_893_cov_1.639618	98.77	True	True
1128	2021	1	893	BB362_NZ_JAEQDL010000026.1	NODE_539_length_893_cov_1.639618	98.32	True	True
22172	23065	893	1	EC034_NZ_JAERJB010000006.1	NODE_539_length_893_cov_1.639618	98.1	True	True
49659	50552	1	893	BB226_NZ_JAEQDM010000001.1	NODE_539_length_893_cov_1.639618	98.1	True	True
633	1526	893	1	CIP110549_fig_1392540.14.peg.2112	NODE_539_length_893_cov_1.639618	98.1	True	True
88390	89283	1	893	EC031_NZ_JAERJC010000010.1	NODE_539_length_893_cov_1.639618	98.1	True	True
CONTIG	NODE_539_length_893_cov_1.639618	893	ambiguous
10036	10876	892	52	BB226_NZ_JAEQDM010000044.1	NODE_540_length_892_cov_1.175627	98.1		False
525	1362	892	55	CIP110549_fig_1392540.14.peg.2254	NODE_540_length_892_cov_1.175627	99.16		True
CONTIG	NODE_540_length_892_cov_1.175627	892	correct
16363	17247	889	5	BB362_NZ_JAEQDL010000012.1	NODE_541_length_889_cov_3.647482	98.76	True	True
109950	110834	889	5	BB226_NZ_JAEQDM010000005.1	NODE_541_length_889_cov_3.647482	98.64	True	True
CONTIG	NODE_541_length_889_cov_3.647482	889	ambiguous
12226	13109	1	884	BB226_NZ_JAEQDM010000026.1	NODE_542_length_887_cov_2.135817	98.64		True
CONTIG	NODE_542_length_887_cov_2.135817	887	correct
1657	2538	5	886	A39_fig_1219382.3.peg.81	NODE_543_length_886_cov_2.306859	90.33		True
CONTIG	NODE_543_length_886_cov_2.306859	886	correct
39673	40555	1	883	EC034_NZ_JAERJB010000017.1	NODE_544_length_885_cov_2.500000	98.64	True	True
14996	15878	883	1	EC031_NZ_JAERJC010000015.1	NODE_544_length_885_cov_2.500000	98.64	True	True
CONTIG	NODE_544_length_885_cov_2.500000	885	ambiguous
1732	2616	885	1	BB226_NZ_JAEQDM010000038.1	NODE_545_length_885_cov_2.007229	99.21	True	True
22759	23643	885	1	BB362_NZ_JAEQDL010000012.1	NODE_545_length_885_cov_2.007229	99.21	True	True
CONTIG	NODE_545_length_885_cov_2.007229	885	ambiguous
28901	29785	1	884	BB362_NZ_JAEQDL010000011.1	NODE_546_length_884_cov_1.782871	97.63		True
CONTIG	NODE_546_length_884_cov_1.782871	884	correct
108596	109478	1	883	BB226_NZ_JAEQDM010000005.1	NODE_547_length_883_cov_2.707729	98.3		True
CONTIG	NODE_547_length_883_cov_2.707729	883	correct
12686	13566	3	883	BB226_NZ_JAEQDM010000031.1	NODE_548_length_883_cov_1.948068	98.41	True	True
474	1354	883	3	A39_fig_1219382.3.peg.1638	NODE_548_length_883_cov_1.948068	98.07	True	True
474	1354	883	3	CIP110549_fig_1392540.14.peg.440	NODE_548_length_883_cov_1.948068	97.84	True	True
205729	206609	883	3	EC031_NZ_JAERJC010000003.1	NODE_548_length_883_cov_1.948068	97.73	True	True
12537	13417	883	3	EC034_NZ_JAERJB010000026.1	NODE_548_length_883_cov_1.948068	97.73	True	True
CONTIG	NODE_548_length_883_cov_1.948068	883	ambiguous
CONTIG	NODE_549_length_883_cov_1.945652	883	unaligned
11824	12705	1	882	BB226_NZ_JAEQDM010000037.1	NODE_550_length_882_cov_2.251511	99.21	True	True
89966	90848	882	1	BB362_NZ_JAEQDL010000003.1	NODE_550_length_882_cov_2.251511	98.87	True	True
18227	19108	1	882	EC031_NZ_JAERJC010000009.1	NODE_550_length_882_cov_2.251511	98.75	True	True
93385	94266	882	1	EC034_NZ_JAERJB010000002.1	NODE_550_length_882_cov_2.251511	98.75	True	True
CONTIG	NODE_550_length_882_cov_2.251511	882	ambiguous
94796	95677	882	1	EC031_NZ_JAERJC010000007.1	NODE_551_length_882_cov_2.151149	98.07	True	True
94804	95685	882	1	EC034_NZ_JAERJB010000003.1	NODE_551_length_882_cov_2.151149	98.07	True	True
39124	40002	4	882	BB226_NZ_JAEQDM010000014.1	NODE_551_length_882_cov_2.151149	97.72	True	True
CONTIG	NODE_551_length_882_cov_2.151149	882	ambiguous
CONTIG	NODE_552_length_881_cov_3.500000	881	unaligned
21590	22470	1	881	EC034_NZ_JAERJB010000009.1	NODE_553_length_881_cov_2.331719	98.75	True	True
238335	239215	1	881	EC031_NZ_JAERJC010000001.1	NODE_553_length_881_cov_2.331719	98.75	True	True
77423	78303	881	1	BB226_NZ_JAEQDM010000008.1	NODE_553_length_881_cov_2.331719	97.96	True	True
CONTIG	NODE_553_length_881_cov_2.331719	881	ambiguous
3948	4828	1	881	BB362_NZ_JAEQDL010000064.1	NODE_554_length_881_cov_1.767554	98.75	True	True
991	1871	881	1	EC034_NZ_JAERJB010000022.1	NODE_554_length_881_cov_1.767554	98.41	True	True
1288	2168	881	1	EC031_NZ_JAERJC010000006.1	NODE_554_length_881_cov_1.767554	98.41	True	True
50886	51766	1	881	BB226_NZ_JAEQDM010000020.1	NODE_554_length_881_cov_1.767554	98.3	True	True
CONTIG	NODE_554_length_881_cov_1.767554	881	ambiguous
8524	9404	881	1	BB226_NZ_JAEQDM010000025.1	NODE_555_length_881_cov_1.245763	98.64	True	True
8996	9876	881	1	EC034_NZ_JAERJB010000024.1	NODE_555_length_881_cov_1.245763	98.52	True	True
8996	9876	881	1	EC031_NZ_JAERJC010000019.1	NODE_555_length_881_cov_1.245763	98.52	True	True
CONTIG	NODE_555_length_881_cov_1.245763	881	ambiguous
24929	25807	880	1	BB226_NZ_JAEQDM010000032.1	NODE_556_length_880_cov_2.598788	97.95	True	True
33971	34848	879	1	BB362_NZ_JAEQDL010000024.1	NODE_556_length_880_cov_2.598788	97.72	True	True
CONTIG	NODE_556_length_880_cov_2.598788	880	ambiguous
15159	16037	879	1	BB362_NZ_JAEQDL010000002.1	NODE_557_length_879_cov_2.297330	98.18	True	True
1407	2285	1	879	EC031_NZ_JAERJC010000007.1	NODE_557_length_879_cov_2.297330	97.38	True	True
1415	2293	1	879	EC034_NZ_JAERJB010000003.1	NODE_557_length_879_cov_2.297330	97.38	True	True
54277	55168	879	1	BB226_NZ_JAEQDM010000019.1	NODE_557_length_879_cov_2.297330	97.2	True	True
CONTIG	NODE_557_length_879_cov_2.297330	879	ambiguous
3962	4839	2	879	BB226_NZ_JAEQDM010000005.1	NODE_558_length_879_cov_1.388350	99.66		True
CONTIG	NODE_558_length_879_cov_1.388350	879	correct
1055	1932	878	1	BB226_NZ_JAEQDM010000011.1	NODE_559_length_878_cov_2.086270	98.86	True	True
84690	85566	877	1	EC031_NZ_JAERJC010000002.1	NODE_559_length_878_cov_2.086270	98.06	True	True
CONTIG	NODE_559_length_878_cov_2.086270	878	ambiguous
117369	118245	1	877	BB226_NZ_JAEQDM010000004.1	NODE_560_length_877_cov_2.436740	97.95	True	True
99421	100297	1	877	EC034_NZ_JAERJB010000008.1	NODE_560_length_877_cov_2.436740	97.83	True	True
108617	109493	1	877	EC031_NZ_JAERJC010000005.1	NODE_560_length_877_cov_2.436740	97.83	True	True
774	1650	877	1	CIP110549_fig_1392540.14.peg.1463	NODE_560_length_877_cov_2.436740	97.72	True	True
CONTIG	NODE_560_length_877_cov_2.436740	877	ambiguous
284	1160	877	1	CIP110549_fig_1392540.14.peg.1203	NODE_561_length_877_cov_2.374696	99.54		True
CONTIG	NODE_561_length_877_cov_2.374696	877	correct
1768	2606	1	876	BB226_NZ_JAEQDM010000054.1	NODE_562_length_877_cov_1.883212	90.93		True
CONTIG	NODE_562_length_877_cov_1.883212	877	correct
215	1085	7	877	CIP110549_fig_1392540.14.peg.195	NODE_563_length_877_cov_1.667883	99.08	True	True
20851	21719	9	877	BB362_NZ_JAEQDL010000032.1	NODE_563_length_877_cov_1.667883	99.19	True	True
217	1085	9	877	A39_fig_1219382.3.peg.1329	NODE_563_length_877_cov_1.667883	98.62	True	True
CONTIG	NODE_563_length_877_cov_1.667883	877	ambiguous
CONTIG	NODE_564_length_876_cov_4.423873	876	unaligned
374	1247	1	874	CIP110549_fig_1392540.14.peg.2168	NODE_565_length_876_cov_2.495737	98.97	True	True
5987	6860	1	874	BB362_NZ_JAEQDL010000043.1	NODE_565_length_876_cov_2.495737	98.97	True	True
CONTIG	NODE_565_length_876_cov_2.495737	876	ambiguous
110	985	876	1	CIP110549_fig_1392540.14.peg.2230	NODE_566_length_876_cov_2.225335	99.43	True	True
85739	86614	1	876	BB226_NZ_JAEQDM010000010.1	NODE_566_length_876_cov_2.225335	98.97	True	True
CONTIG	NODE_566_length_876_cov_2.225335	876	ambiguous
27663	28534	1	876	BB226_NZ_JAEQDM010000012.1	NODE_567_length_876_cov_1.622412	98.29		True
CONTIG	NODE_567_length_876_cov_1.622412	876	correct
30361	31235	875	1	BB226_NZ_JAEQDM010000024.1	NODE_568_length_875_cov_1.693902	99.43	True	True
110310	111184	875	1	BB362_NZ_JAEQDL010000001.1	NODE_568_length_875_cov_1.693902	99.31	True	True
32431	33305	875	1	EC034_NZ_JAERJB010000023.1	NODE_568_length_875_cov_1.693902	99.2	True	True
224454	225328	875	1	EC031_NZ_JAERJC010000002.1	NODE_568_length_875_cov_1.693902	99.2	True	True
CONTIG	NODE_568_length_875_cov_1.693902	875	ambiguous
234082	234955	1	874	EC031_NZ_JAERJC010000001.1	NODE_569_length_874_cov_2.031746	97.94	True	True
17337	18210	1	874	EC034_NZ_JAERJB010000009.1	NODE_569_length_874_cov_2.031746	97.94	True	True
81691	82556	866	1	BB226_NZ_JAEQDM010000008.1	NODE_569_length_874_cov_2.031746	98.15	True	True
81884	82753	874	1	BB362_NZ_JAEQDL010000004.1	NODE_569_length_874_cov_2.031746	97.25	True	True
CONTIG	NODE_569_length_874_cov_2.031746	874	ambiguous
35313	36185	1	873	EC034_NZ_JAERJB010000006.1	NODE_570_length_873_cov_2.589242	98.74	True	True
75270	76142	873	1	EC031_NZ_JAERJC010000010.1	NODE_570_length_873_cov_2.589242	98.74	True	True
9916	10788	1	873	BB362_NZ_JAEQDL010000006.1	NODE_570_length_873_cov_2.589242	98.51	True	True
36539	37411	873	1	BB226_NZ_JAEQDM010000001.1	NODE_570_length_873_cov_2.589242	98.28	True	True
CONTIG	NODE_570_length_873_cov_2.589242	873	ambiguous
11691	12563	873	1	EC031_NZ_JAERJC010000020.1	NODE_571_length_873_cov_1.458435	99.31	True	True
132249	133121	1	873	EC034_NZ_JAERJB010000002.1	NODE_571_length_873_cov_1.458435	99.31	True	True
127813	128685	1	873	BB362_NZ_JAEQDL010000003.1	NODE_571_length_873_cov_1.458435	98.97	True	True
11905	12777	873	1	BB226_NZ_JAEQDM010000023.1	NODE_571_length_873_cov_1.458435	98.74	True	True
CONTIG	NODE_571_length_873_cov_1.458435	873	ambiguous
23894	24764	1	871	BB226_NZ_JAEQDM010000021.1	NODE_572_length_871_cov_1.525735	98.85		True
CONTIG	NODE_572_length_871_cov_1.525735	871	correct
64521	65390	1	870	BB226_NZ_JAEQDM010000009.1	NODE_573_length_870_cov_2.892025	97.7	True	True
72952	73821	1	870	EC031_NZ_JAERJC010000009.1	NODE_573_length_870_cov_2.892025	97.47	True	True
38672	39541	870	1	EC034_NZ_JAERJB010000002.1	NODE_573_length_870_cov_2.892025	97.47	True	True
35784	36653	870	1	BB362_NZ_JAEQDL010000003.1	NODE_573_length_870_cov_2.892025	97.13	True	True
CONTIG	NODE_573_length_870_cov_2.892025	870	ambiguous
74987	75855	870	1	BB226_NZ_JAEQDM010000005.1	NODE_574_length_870_cov_2.425767	98.97	True	True
53467	54336	1	870	EC034_NZ_JAERJB010000013.1	NODE_574_length_870_cov_2.425767	98.51	True	True
57052	57921	870	1	EC031_NZ_JAERJC010000004.1	NODE_574_length_870_cov_2.425767	98.51	True	True
CONTIG	NODE_574_length_870_cov_2.425767	870	ambiguous
47125	47996	1	870	BB226_NZ_JAEQDM010000012.1	NODE_575_length_870_cov_1.641718	98.97	True	True
47350	48221	1	870	EC034_NZ_JAERJB010000012.1	NODE_575_length_870_cov_1.641718	98.74	True	True
47170	48041	1	870	EC031_NZ_JAERJC010000002.1	NODE_575_length_870_cov_1.641718	98.74	True	True
CONTIG	NODE_575_length_870_cov_1.641718	870	ambiguous
127476	128343	868	1	BB362_NZ_JAEQDL010000001.1	NODE_576_length_868_cov_1.378844	98.04	True	True
3001	3868	868	1	BB226_NZ_JAEQDM010000013.1	NODE_576_length_868_cov_1.378844	97.93	True	True
871	1738	868	1	EC031_NZ_JAERJC010000008.1	NODE_576_length_868_cov_1.378844	97.81	True	True
4189	5056	868	1	EC034_NZ_JAERJB010000004.1	NODE_576_length_868_cov_1.378844	97.81	True	True
CONTIG	NODE_576_length_868_cov_1.378844	868	ambiguous
30251	31096	851	6	EC031_NZ_JAERJC010000012.1	NODE_577_length_867_cov_1.785714	98.11		False
53285	54130	6	851	EC034_NZ_JAERJB010000011.1	NODE_577_length_867_cov_1.785714	98.11		False
30498	31343	851	6	BB226_NZ_JAEQDM010000026.1	NODE_577_length_867_cov_1.785714	98.23		True
CONTIG	NODE_577_length_867_cov_1.785714	867	correct
3991	4857	1	867	EC031_NZ_JAERJC010000026.1	NODE_578_length_867_cov_1.764778	98.5	True	True
3996	4862	1	867	EC034_NZ_JAERJB010000029.1	NODE_578_length_867_cov_1.764778	98.5	True	True
CONTIG	NODE_578_length_867_cov_1.764778	867	ambiguous
19133	19993	1	860	BB226_NZ_JAEQDM010000021.1	NODE_579_length_866_cov_1.672010	97.33	True	True
107599	108457	860	3	EC034_NZ_JAERJB010000004.1	NODE_579_length_866_cov_1.672010	97.09	True	True
104281	105139	860	3	EC031_NZ_JAERJC010000008.1	NODE_579_length_866_cov_1.672010	97.09	True	True
CONTIG	NODE_579_length_866_cov_1.672010	866	ambiguous
11144	11659	865	350	BB226_NZ_JAEQDM010000007.1	NODE_580_length_865_cov_2.913580	96.51		True
CONTIG	NODE_580_length_865_cov_2.913580	865	correct
716	1579	1	864	EC031_NZ_JAERJC010000024.1	NODE_581_length_864_cov_3.140915	98.73	True	True
14640	15503	864	1	EC034_NZ_JAERJB010000036.1	NODE_581_length_864_cov_3.140915	98.73	True	True
844	1707	1	864	BB226_NZ_JAEQDM010000036.1	NODE_581_length_864_cov_3.140915	98.61	True	True
CONTIG	NODE_581_length_864_cov_3.140915	864	ambiguous
795	1657	1	864	BB226_NZ_JAEQDM010000014.1	NODE_582_length_864_cov_3.023486	99.07	True	True
133109	133971	864	1	EC031_NZ_JAERJC010000007.1	NODE_582_length_864_cov_3.023486	98.38	True	True
133117	133979	864	1	EC034_NZ_JAERJB010000003.1	NODE_582_length_864_cov_3.023486	98.38	True	True
79747	80608	864	1	BB362_NZ_JAEQDL010000005.1	NODE_582_length_864_cov_3.023486	98.26	True	True
CONTIG	NODE_582_length_864_cov_3.023486	864	ambiguous
33129	33992	864	1	BB362_NZ_JAEQDL010000003.1	NODE_583_length_864_cov_2.327565	99.31	True	True
67183	68046	1	864	BB226_NZ_JAEQDM010000009.1	NODE_583_length_864_cov_2.327565	98.5	True	True
CONTIG	NODE_583_length_864_cov_2.327565	864	ambiguous
37734	38594	860	1	BB226_NZ_JAEQDM010000017.1	NODE_584_length_860_cov_2.721739	98.03	True	True
27861	28720	860	1	EC031_NZ_JAERJC010000013.1	NODE_584_length_860_cov_2.721739	97.33	True	True
27861	28720	860	1	EC034_NZ_JAERJB010000016.1	NODE_584_length_860_cov_2.721739	97.33	True	True
CONTIG	NODE_584_length_860_cov_2.721739	860	ambiguous
39279	40137	2	860	BB226_NZ_JAEQDM010000021.1	NODE_585_length_860_cov_1.960248	96.04		True
CONTIG	NODE_585_length_860_cov_1.960248	860	correct
5	863	859	1	CIP110549_fig_1392540.14.peg.2023	NODE_586_length_859_cov_2.284826	99.77		True
CONTIG	NODE_586_length_859_cov_2.284826	859	correct
6190	7048	1	859	BB226_NZ_JAEQDM010000005.1	NODE_587_length_859_cov_2.268657	97.79	True	True
6255	7113	1	859	EC034_NZ_JAERJB010000028.1	NODE_587_length_859_cov_2.268657	97.09	True	True
6255	7113	1	859	EC031_NZ_JAERJC010000004.1	NODE_587_length_859_cov_2.268657	97.09	True	True
CONTIG	NODE_587_length_859_cov_2.268657	859	ambiguous
2068	2926	859	1	BB226_NZ_JAEQDM010000015.1	NODE_588_length_859_cov_1.751244	99.07	True	True
145877	146735	859	1	BB362_NZ_JAEQDL010000002.1	NODE_588_length_859_cov_1.751244	98.6	True	True
124633	125491	859	1	EC031_NZ_JAERJC010000005.1	NODE_588_length_859_cov_1.751244	98.49	True	True
12252	13110	859	1	EC034_NZ_JAERJB010000021.1	NODE_588_length_859_cov_1.751244	98.49	True	True
CONTIG	NODE_588_length_859_cov_1.751244	859	ambiguous
CONTIG	NODE_589_length_858_cov_2.097136	858	unaligned
42931	43778	848	1	EC034_NZ_JAERJB010000017.1	NODE_590_length_857_cov_1.991272	98.58	True	True
11773	12620	1	848	EC031_NZ_JAERJC010000015.1	NODE_590_length_857_cov_1.991272	98.58	True	True
7358	8205	1	848	BB362_NZ_JAEQDL010000021.1	NODE_590_length_857_cov_1.991272	98.47	True	True
8088	8935	1	848	BB226_NZ_JAEQDM010000048.1	NODE_590_length_857_cov_1.991272	97.88	True	True
CONTIG	NODE_590_length_857_cov_1.991272	857	ambiguous
11995	12851	1	857	BB362_NZ_JAEQDL010000018.1	NODE_591_length_857_cov_1.905237	98.83	True	True
625	1481	857	1	CIP110549_fig_1392540.14.peg.102	NODE_591_length_857_cov_1.905237	98.13	True	True
36719	37575	1	857	BB226_NZ_JAEQDM010000010.1	NODE_591_length_857_cov_1.905237	98.02	True	True
625	1481	857	1	A39_fig_1219382.3.peg.2418	NODE_591_length_857_cov_1.905237	97.9	True	True
CONTIG	NODE_591_length_857_cov_1.905237	857	ambiguous
102125	102981	1	857	BB362_NZ_JAEQDL010000003.1	NODE_592_length_857_cov_1.875312	99.07		True
CONTIG	NODE_592_length_857_cov_1.875312	857	correct
CONTIG	NODE_593_length_857_cov_0.936409	857	unaligned
18229	19084	856	1	BB226_NZ_JAEQDM010000021.1	NODE_594_length_856_cov_1.767790	97.55		True
CONTIG	NODE_594_length_856_cov_1.767790	856	correct
58869	59724	856	1	EC031_NZ_JAERJC010000004.1	NODE_595_length_856_cov_1.674157	99.53	True	True
51664	52519	1	856	EC034_NZ_JAERJB010000013.1	NODE_595_length_856_cov_1.674157	99.53	True	True
CONTIG	NODE_595_length_856_cov_1.674157	856	ambiguous
4339	5191	853	1	BB362_NZ_JAEQDL010000058.1	NODE_596_length_853_cov_2.558897	97.89	True	True
82689	83541	853	1	EC031_NZ_JAERJC010000011.1	NODE_596_length_853_cov_2.558897	97.77	True	True
70118	70970	853	1	EC034_NZ_JAERJB010000014.1	NODE_596_length_853_cov_2.558897	97.77	True	True
4709	5561	1	853	BB226_NZ_JAEQDM010000035.1	NODE_596_length_853_cov_2.558897	97.54	True	True
CONTIG	NODE_596_length_853_cov_2.558897	853	ambiguous
4033	4881	851	1	SCC477_NZ_VTDQ01000065.1	NODE_597_length_853_cov_1.434837	98.83		True
CONTIG	NODE_597_length_853_cov_1.434837	853	correct
19918	20764	5	851	EC034_NZ_JAERJB010000006.1	NODE_598_length_851_cov_2.796482	98.47	True	True
90691	91537	851	5	EC031_NZ_JAERJC010000010.1	NODE_598_length_851_cov_2.796482	98.47	True	True
3429	4275	851	5	BB362_NZ_JAEQDL010000026.1	NODE_598_length_851_cov_2.796482	97.52	True	True
CONTIG	NODE_598_length_851_cov_2.796482	851	ambiguous
18998	19819	821	1	BB226_NZ_JAEQDM010000023.1	NODE_599_length_851_cov_2.351759	97.93		True
CONTIG	NODE_599_length_851_cov_2.351759	851	correct
26916	27768	1	851	BB226_NZ_JAEQDM010000012.1	NODE_600_length_851_cov_1.962312	98.36		True
CONTIG	NODE_600_length_851_cov_1.962312	851	correct
2077	2298	843	623	BB226_NZ_JAEQDM010000065.1	NODE_601_length_849_cov_7.329975	93.69		False
1	231	614	843	EC031_NZ_JAERJC010000015.1	NODE_601_length_849_cov_7.329975	93.07		False
55320	55550	843	614	EC034_NZ_JAERJB010000017.1	NODE_601_length_849_cov_7.329975	92.7		False
4802	5430	1	629	BB362_NZ_JAEQDL010000068.1	NODE_601_length_849_cov_7.329975	99.84		False
770	1199	1	430	FNA11_NZ_VTDS01000062.1	NODE_601_length_849_cov_7.329975	98.84		True
interspecies translocation
41554	41967	843	431	BB362_NZ_JAEQDL010000017.1	NODE_601_length_849_cov_7.329975	96.88		True
CONTIG	NODE_601_length_849_cov_7.329975	849	misassembled
1116	1964	1	849	A39_fig_1219382.3.peg.1095	NODE_602_length_849_cov_2.061713	99.53		True
CONTIG	NODE_602_length_849_cov_2.061713	849	correct
57460	58305	1	846	EC031_NZ_JAERJC010000010.1	NODE_603_length_846_cov_1.409608	99.65	True	True
53150	53995	846	1	EC034_NZ_JAERJB010000006.1	NODE_603_length_846_cov_1.409608	99.65	True	True
18020	18864	1	846	BB226_NZ_JAEQDM010000001.1	NODE_603_length_846_cov_1.409608	98.94	True	True
CONTIG	NODE_603_length_846_cov_1.409608	846	ambiguous
CONTIG	NODE_604_length_845_cov_2.697468	845	unaligned
61716	62560	1	845	EC034_NZ_JAERJB010000002.1	NODE_605_length_845_cov_2.489873	98.22	True	True
49933	50777	845	1	EC031_NZ_JAERJC010000009.1	NODE_605_length_845_cov_2.489873	98.22	True	True
41452	42292	845	5	BB226_NZ_JAEQDM010000009.1	NODE_605_length_845_cov_2.489873	97.98	True	True
CONTIG	NODE_605_length_845_cov_2.489873	845	ambiguous
11880	12724	1	845	EC034_NZ_JAERJB010000012.1	NODE_606_length_845_cov_1.650633	99.05	True	True
11700	12544	1	845	EC031_NZ_JAERJC010000002.1	NODE_606_length_845_cov_1.650633	99.05	True	True
11380	12224	1	845	BB362_NZ_JAEQDL010000019.1	NODE_606_length_845_cov_1.650633	98.93	True	True
11693	12537	1	845	BB226_NZ_JAEQDM010000012.1	NODE_606_length_845_cov_1.650633	98.7	True	True
CONTIG	NODE_606_length_845_cov_1.650633	845	ambiguous
59845	60689	1	845	BB226_NZ_JAEQDM010000002.1	NODE_607_length_845_cov_1.182278	98.7	True	True
49886	50730	845	1	BB362_NZ_JAEQDL010000008.1	NODE_607_length_845_cov_1.182278	98.58	True	True
130273	131116	845	1	EC031_NZ_JAERJC010000003.1	NODE_607_length_845_cov_1.182278	97.87	True	True
61254	62097	1	845	EC034_NZ_JAERJB010000001.1	NODE_607_length_845_cov_1.182278	97.87	True	True
CONTIG	NODE_607_length_845_cov_1.182278	845	ambiguous
1733	2576	844	1	BB226_NZ_JAEQDM010000035.1	NODE_608_length_844_cov_2.745247	97.04	True	True
7325	8168	1	844	BB362_NZ_JAEQDL010000058.1	NODE_608_length_844_cov_2.745247	96.57	True	True
CONTIG	NODE_608_length_844_cov_2.745247	844	ambiguous
1124	1965	1	842	CIP110549_fig_1392540.14.peg.2018	NODE_609_length_842_cov_3.199492	99.52		True
CONTIG	NODE_609_length_842_cov_3.199492	842	correct
52725	53562	842	1	BB362_NZ_JAEQDL010000007.1	NODE_610_length_842_cov_2.792884	95.96	True	True
12867	13684	4	842	BB226_NZ_JAEQDM010000033.1	NODE_610_length_842_cov_2.792884	95.59	True	True
CONTIG	NODE_610_length_842_cov_2.792884	842	ambiguous
596	1437	1	842	CIP110549_fig_1392540.14.peg.1652	NODE_611_length_842_cov_2.293520	98.57	True	True
107045	107886	1	842	BB362_NZ_JAEQDL010000003.1	NODE_611_length_842_cov_2.293520	98.22	True	True
33561	34402	842	1	BB226_NZ_JAEQDM010000023.1	NODE_611_length_842_cov_2.293520	98.22	True	True
596	1437	1	842	A39_fig_1219382.3.peg.868	NODE_611_length_842_cov_2.293520	98.22	True	True
1196	2037	842	1	EC031_NZ_JAERJC010000009.1	NODE_611_length_842_cov_2.293520	97.86	True	True
110456	111297	1	842	EC034_NZ_JAERJB010000002.1	NODE_611_length_842_cov_2.293520	97.86	True	True
CONTIG	NODE_611_length_842_cov_2.293520	842	ambiguous
8114	8954	1	841	BB362_NZ_JAEQDL010000003.1	NODE_612_length_841_cov_1.923664	98.57		True
CONTIG	NODE_612_length_841_cov_1.923664	841	correct
177659	178433	56	841	EC031_NZ_JAERJC010000003.1	NODE_613_length_841_cov_1.620865	96.69		False
13937	14711	841	56	EC034_NZ_JAERJB010000001.1	NODE_613_length_841_cov_1.620865	96.69		True
CONTIG	NODE_613_length_841_cov_1.620865	841	correct
3756	4595	1	840	BB362_NZ_JAEQDL010000010.1	NODE_614_length_840_cov_2.505732	98.81	True	True
565	1404	840	1	CIP110549_fig_1392540.14.peg.662	NODE_614_length_840_cov_2.505732	98.1	True	True
796	1635	1	840	EC034_NZ_JAERJB010000011.1	NODE_614_length_840_cov_2.505732	97.98	True	True
82746	83585	840	1	EC031_NZ_JAERJC010000012.1	NODE_614_length_840_cov_2.505732	97.98	True	True
CONTIG	NODE_614_length_840_cov_2.505732	840	ambiguous
53319	54157	839	1	BB362_NZ_JAEQDL010000003.1	NODE_615_length_839_cov_2.594388	99.64	True	True
46152	46989	2	839	BB226_NZ_JAEQDM010000009.1	NODE_615_length_839_cov_2.594388	99.28	True	True
CONTIG	NODE_615_length_839_cov_2.594388	839	ambiguous
3128	3966	839	1	A39_fig_1219382.3.peg.2227	NODE_616_length_839_cov_1.844388	99.17	True	True
3128	3966	839	1	CIP110549_fig_1392540.14.peg.1871	NODE_616_length_839_cov_1.844388	99.05	True	True
11388	12226	839	1	BB226_NZ_JAEQDM010000038.1	NODE_616_length_839_cov_1.844388	98.21	True	True
CONTIG	NODE_616_length_839_cov_1.844388	839	ambiguous
7	795	824	21	CIP110549_fig_1392540.14.peg.2544	NODE_617_length_838_cov_2.905492	92.94		True
CONTIG	NODE_617_length_838_cov_2.905492	838	correct
1038	1875	838	1	BB226_NZ_JAEQDM010000044.1	NODE_618_length_838_cov_2.067688	97.26		True
CONTIG	NODE_618_length_838_cov_2.067688	838	correct
11806	12641	836	1	EC034_NZ_JAERJB010000001.1	NODE_619_length_836_cov_2.487836	97.37	True	True
179729	180564	1	836	EC031_NZ_JAERJC010000003.1	NODE_619_length_836_cov_2.487836	97.37	True	True
655	1490	1	836	BB362_NZ_JAEQDL010000035.1	NODE_619_length_836_cov_2.487836	97.25	True	True
CONTIG	NODE_619_length_836_cov_2.487836	836	ambiguous
40939	41774	836	1	BB226_NZ_JAEQDM010000011.1	NODE_620_length_836_cov_2.035851	99.4	True	True
43767	44602	836	1	BB362_NZ_JAEQDL010000001.1	NODE_620_length_836_cov_2.035851	98.8	True	True
143291	144126	836	1	EC031_NZ_JAERJC010000002.1	NODE_620_length_836_cov_2.035851	98.56	True	True
284	1119	1	836	CIP110549_fig_1392540.14.peg.1017	NODE_620_length_836_cov_2.035851	98.56	True	True
3163	3998	836	1	EC034_NZ_JAERJB010000020.1	NODE_620_length_836_cov_2.035851	98.56	True	True
CONTIG	NODE_620_length_836_cov_2.035851	836	ambiguous
140	973	1	834	A39_fig_1219382.3.peg.1779	NODE_621_length_834_cov_2.219512	99.76	True	True
140	973	1	834	CIP110549_fig_1392540.14.peg.2204	NODE_621_length_834_cov_2.219512	99.28	True	True
CONTIG	NODE_621_length_834_cov_2.219512	834	ambiguous
1	388	388	1	CIP110549_fig_1392540.14.peg.2311	NODE_622_length_831_cov_2.192010	98.71		True
translocation
570	1002	831	399	CIP110549_fig_1392540.14.peg.2312	NODE_622_length_831_cov_2.192010	99.08		True
CONTIG	NODE_622_length_831_cov_2.192010	831	misassembled
CONTIG	NODE_623_length_831_cov_2.037371	831	unaligned
51175	52005	831	1	BB226_NZ_JAEQDM010000018.1	NODE_624_length_831_cov_1.545103	99.64	True	True
29333	30163	831	1	EC031_NZ_JAERJC010000010.1	NODE_624_length_831_cov_1.545103	98.92	True	True
81292	82122	1	831	EC034_NZ_JAERJB010000006.1	NODE_624_length_831_cov_1.545103	98.92	True	True
CONTIG	NODE_624_length_831_cov_1.545103	831	ambiguous
CONTIG	NODE_625_length_830_cov_1.436129	830	unaligned
117596	118424	829	1	BB362_NZ_JAEQDL010000003.1	NODE_626_length_829_cov_2.746770	97.23	True	True
121878	122700	823	1	EC034_NZ_JAERJB010000002.1	NODE_626_length_829_cov_2.746770	97.81	True	True
22112	22934	1	823	EC031_NZ_JAERJC010000020.1	NODE_626_length_829_cov_2.746770	97.81	True	True
CONTIG	NODE_626_length_829_cov_2.746770	829	ambiguous
39311	40135	825	1	BB362_NZ_JAEQDL010000016.1	NODE_627_length_829_cov_1.698966	99.03		True
CONTIG	NODE_627_length_829_cov_1.698966	829	correct
CONTIG	NODE_628_length_829_cov_1.540052	829	unaligned
51735	52562	1	828	BB226_NZ_JAEQDM010000003.1	NODE_629_length_828_cov_2.522639	99.64	True	True
200071	200898	1	828	EC031_NZ_JAERJC010000004.1	NODE_629_length_828_cov_2.522639	99.52	True	True
11659	12486	828	1	EC034_NZ_JAERJB010000015.1	NODE_629_length_828_cov_2.522639	99.52	True	True
CONTIG	NODE_629_length_828_cov_2.522639	828	ambiguous
65175	66002	1	828	EC031_NZ_JAERJC010000011.1	NODE_630_length_828_cov_2.046572	98.55	True	True
52604	53431	1	828	EC034_NZ_JAERJB010000014.1	NODE_630_length_828_cov_2.046572	98.55	True	True
137232	138059	1	828	BB226_NZ_JAEQDM010000001.1	NODE_630_length_828_cov_2.046572	97.71	True	True
12505	13332	1	828	BB362_NZ_JAEQDL010000034.1	NODE_630_length_828_cov_2.046572	97.58	True	True
CONTIG	NODE_630_length_828_cov_2.046572	828	ambiguous
19292	20120	827	1	BB226_NZ_JAEQDM010000006.1	NODE_631_length_827_cov_2.047927	98.07	True	True
89126	89956	1	827	EC031_NZ_JAERJC010000001.1	NODE_631_length_827_cov_2.047927	97.6	True	True
36608	37438	827	1	EC034_NZ_JAERJB010000005.1	NODE_631_length_827_cov_2.047927	97.6	True	True
21018	21847	1	827	BB362_NZ_JAEQDL010000007.1	NODE_631_length_827_cov_2.047927	97.47	True	True
CONTIG	NODE_631_length_827_cov_2.047927	827	ambiguous
16515	17337	824	2	BB226_NZ_JAEQDM010000007.1	NODE_632_length_825_cov_2.962338	98.18		True
CONTIG	NODE_632_length_825_cov_2.962338	825	correct
92326	93146	821	1	BB226_NZ_JAEQDM010000005.1	NODE_633_length_825_cov_2.380519	98.17	True	True
74392	75212	821	1	EC031_NZ_JAERJC010000004.1	NODE_633_length_825_cov_2.380519	97.93	True	True
36176	36996	1	821	EC034_NZ_JAERJB010000013.1	NODE_633_length_825_cov_2.380519	97.93	True	True
CONTIG	NODE_633_length_825_cov_2.380519	825	ambiguous
54533	55357	825	1	BB226_NZ_JAEQDM010000007.1	NODE_634_length_825_cov_1.951948	98.67	True	True
2259	3083	825	1	EC034_NZ_JAERJB010000011.1	NODE_634_length_825_cov_1.951948	98.67	True	True
81298	82122	1	825	EC031_NZ_JAERJC010000012.1	NODE_634_length_825_cov_1.951948	98.67	True	True
5218	6042	825	1	BB362_NZ_JAEQDL010000010.1	NODE_634_length_825_cov_1.951948	98.18	True	True
CONTIG	NODE_634_length_825_cov_1.951948	825	ambiguous
23140	23958	1	819	BB226_NZ_JAEQDM010000020.1	NODE_635_length_824_cov_2.582575	99.39	True	True
29994	30812	819	1	EC031_NZ_JAERJC010000006.1	NODE_635_length_824_cov_2.582575	99.27	True	True
29697	30515	819	1	EC034_NZ_JAERJB010000022.1	NODE_635_length_824_cov_2.582575	99.27	True	True
CONTIG	NODE_635_length_824_cov_2.582575	824	ambiguous
119	942	824	1	BB226_NZ_JAEQDM010000019.1	NODE_636_length_824_cov_1.275683	97.45	True	True
2095	2918	1	824	BB362_NZ_JAEQDL010000005.1	NODE_636_length_824_cov_1.275683	97.21	True	True
57291	58114	1	824	EC034_NZ_JAERJB010000003.1	NODE_636_length_824_cov_1.275683	96.72	True	True
57283	58106	1	824	EC031_NZ_JAERJC010000007.1	NODE_636_length_824_cov_1.275683	96.72	True	True
CONTIG	NODE_636_length_824_cov_1.275683	824	ambiguous
21288	22111	823	1	BB226_NZ_JAEQDM010000028.1	NODE_637_length_823_cov_2.125000	98.18	True	True
44285	45108	823	1	EC031_NZ_JAERJC010000015.1	NODE_637_length_823_cov_2.125000	97.69	True	True
10443	11266	1	823	EC034_NZ_JAERJB010000017.1	NODE_637_length_823_cov_2.125000	97.69	True	True
CONTIG	NODE_637_length_823_cov_2.125000	823	ambiguous
158	717	1	560	A39_fig_1219382.3.peg.668	NODE_638_length_823_cov_2.002604	98.75		False
1	257	563	819	CIP110549_fig_1392540.14.peg.282	NODE_638_length_823_cov_2.002604	97.28		False
158	717	1	560	CIP110549_fig_1392540.14.peg.281	NODE_638_length_823_cov_2.002604	99.29		True
interspecies translocation
1	257	563	819	A39_fig_1219382.3.peg.669	NODE_638_length_823_cov_2.002604	98.05		True
CONTIG	NODE_638_length_823_cov_2.002604	823	misassembled
981	1799	823	5	CIP110549_fig_1392540.14.peg.1038	NODE_639_length_823_cov_1.743490	98.05	True	True
64250	65068	5	823	BB362_NZ_JAEQDL010000001.1	NODE_639_length_823_cov_1.743490	97.8	True	True
981	1799	823	5	A39_fig_1219382.3.peg.355	NODE_639_length_823_cov_1.743490	97.56	True	True
CONTIG	NODE_639_length_823_cov_1.743490	823	ambiguous
7277	8098	821	1	EC031_NZ_JAERJC010000022.1	NODE_640_length_821_cov_3.808094	99.15	True	True
8839	9660	1	821	EC034_NZ_JAERJB010000035.1	NODE_640_length_821_cov_3.808094	99.15	True	True
10915	11736	821	1	BB226_NZ_JAEQDM010000042.1	NODE_640_length_821_cov_3.808094	98.91	True	True
2362	3183	1	821	BB362_NZ_JAEQDL010000056.1	NODE_640_length_821_cov_3.808094	98.78	True	True
CONTIG	NODE_640_length_821_cov_3.808094	821	ambiguous
27177	27994	1	818	BB226_NZ_JAEQDM010000014.1	NODE_641_length_821_cov_2.218016	98.9		True
CONTIG	NODE_641_length_821_cov_2.218016	821	correct
1525	2340	1	816	BB226_NZ_JAEQDM010000010.1	NODE_642_length_821_cov_1.502611	99.14		True
CONTIG	NODE_642_length_821_cov_1.502611	821	correct
3163	3977	1	815	BB226_NZ_JAEQDM010000042.1	NODE_643_length_820_cov_3.168627	98.77		True
CONTIG	NODE_643_length_820_cov_3.168627	820	correct
63720	64538	820	2	BB226_NZ_JAEQDM010000009.1	NODE_644_length_820_cov_2.878431	97.68	True	True
72149	72969	820	2	EC031_NZ_JAERJC010000009.1	NODE_644_length_820_cov_2.878431	97.56	True	True
39524	40344	2	820	EC034_NZ_JAERJB010000002.1	NODE_644_length_820_cov_2.878431	97.56	True	True
CONTIG	NODE_644_length_820_cov_2.878431	820	ambiguous
34138	34959	820	2	BB362_NZ_JAEQDL010000009.1	NODE_645_length_820_cov_2.518954	98.42	True	True
43014	43824	820	8	EC031_NZ_JAERJC010000013.1	NODE_645_length_820_cov_2.518954	98.65	True	True
43014	43824	820	8	EC034_NZ_JAERJB010000016.1	NODE_645_length_820_cov_2.518954	98.65	True	True
51408	52220	820	8	BB226_NZ_JAEQDM010000017.1	NODE_645_length_820_cov_2.518954	98.28	True	True
CONTIG	NODE_645_length_820_cov_2.518954	820	ambiguous
41438	42257	1	820	BB226_NZ_JAEQDM010000008.1	NODE_646_length_820_cov_2.030065	98.05	True	True
41592	42411	1	820	BB362_NZ_JAEQDL010000004.1	NODE_646_length_820_cov_2.030065	97.2	True	True
CONTIG	NODE_646_length_820_cov_2.030065	820	ambiguous
9523	10342	1	820	EC031_NZ_JAERJC010000005.1	NODE_647_length_820_cov_2.016993	96.59	True	True
327	1146	1	820	EC034_NZ_JAERJB010000008.1	NODE_647_length_820_cov_2.016993	96.59	True	True
CONTIG	NODE_647_length_820_cov_2.016993	820	ambiguous
13996	14814	819	1	BB226_NZ_JAEQDM010000034.1	NODE_648_length_819_cov_2.876963	96.95	True	True
4175	4993	1	819	EC034_NZ_JAERJB010000032.1	NODE_648_length_819_cov_2.876963	96.95	True	True
4175	4993	1	819	EC031_NZ_JAERJC010000016.1	NODE_648_length_819_cov_2.876963	96.95	True	True
CONTIG	NODE_648_length_819_cov_2.876963	819	ambiguous
46412	47230	819	1	BB226_NZ_JAEQDM010000015.1	NODE_649_length_819_cov_1.361257	99.15	True	True
45544	46362	819	1	BB362_NZ_JAEQDL010000002.1	NODE_649_length_819_cov_1.361257	98.17	True	True
CONTIG	NODE_649_length_819_cov_1.361257	819	ambiguous
26858	27675	818	1	BB362_NZ_JAEQDL010000026.1	NODE_650_length_818_cov_2.496723	98.66	True	True
75381	76198	818	1	BB226_NZ_JAEQDM010000001.1	NODE_650_length_818_cov_2.496723	98.17	True	True
CONTIG	NODE_650_length_818_cov_2.496723	818	ambiguous
671	1488	818	1	A39_fig_1219382.3.peg.1828	NODE_651_length_818_cov_1.537353	99.63		True
CONTIG	NODE_651_length_818_cov_1.537353	818	correct
54714	55530	1	817	EC031_NZ_JAERJC010000004.1	NODE_652_length_817_cov_2.965879	98.9	True	True
55858	56674	817	1	EC034_NZ_JAERJB010000013.1	NODE_652_length_817_cov_2.965879	98.9	True	True
19203	20019	1	817	BB362_NZ_JAEQDL010000023.1	NODE_652_length_817_cov_2.965879	98.16	True	True
72649	73465	1	817	BB226_NZ_JAEQDM010000005.1	NODE_652_length_817_cov_2.965879	98.16	True	True
CONTIG	NODE_652_length_817_cov_2.965879	817	ambiguous
189714	190530	817	1	EC034_NZ_JAERJB010000001.1	NODE_653_length_817_cov_2.450131	97.8	True	True
1840	2656	1	817	EC031_NZ_JAERJC010000003.1	NODE_653_length_817_cov_2.450131	97.8	True	True
47753	48569	817	1	BB226_NZ_JAEQDM010000007.1	NODE_653_length_817_cov_2.450131	97.55	True	True
CONTIG	NODE_653_length_817_cov_2.450131	817	ambiguous
1148	1964	817	1	ANC4422_fig_1219383.5.peg.1996	NODE_654_length_817_cov_2.132546	94.98		True
CONTIG	NODE_654_length_817_cov_2.132546	817	correct
15197	16013	817	1	BB226_NZ_JAEQDM010000023.1	NODE_655_length_817_cov_2.009186	99.51	True	True
86	900	1	815	CIP110549_fig_1392540.14.peg.1672	NODE_655_length_817_cov_2.009186	99.39	True	True
14951	15767	817	1	EC031_NZ_JAERJC010000020.1	NODE_655_length_817_cov_2.009186	98.9	True	True
129045	129861	1	817	EC034_NZ_JAERJB010000002.1	NODE_655_length_817_cov_2.009186	98.9	True	True
124616	125432	1	817	BB362_NZ_JAEQDL010000003.1	NODE_655_length_817_cov_2.009186	98.9	True	True
86	900	1	815	A39_fig_1219382.3.peg.849	NODE_655_length_817_cov_2.009186	99.02	True	True
CONTIG	NODE_655_length_817_cov_2.009186	817	ambiguous
24466	25278	1	813	BB362_NZ_JAEQDL010000012.1	NODE_656_length_817_cov_1.654856	99.63	True	True
3439	4251	1	813	BB226_NZ_JAEQDM010000038.1	NODE_656_length_817_cov_1.654856	99.63	True	True
10465	11276	813	1	EC034_NZ_JAERJB010000013.1	NODE_656_length_817_cov_1.654856	99.38	True	True
100112	100923	1	813	EC031_NZ_JAERJC010000004.1	NODE_656_length_817_cov_1.654856	99.38	True	True
CONTIG	NODE_656_length_817_cov_1.654856	817	ambiguous
135010	135825	816	1	EC031_NZ_JAERJC010000005.1	NODE_657_length_816_cov_3.048620	98.65	True	True
22629	23444	816	1	EC034_NZ_JAERJB010000021.1	NODE_657_length_816_cov_3.048620	98.65	True	True
12446	13262	816	1	BB226_NZ_JAEQDM010000015.1	NODE_657_length_816_cov_3.048620	98.29	True	True
CONTIG	NODE_657_length_816_cov_3.048620	816	ambiguous
CONTIG	NODE_658_length_816_cov_1.737188	816	unaligned
11822	12636	1	815	EC034_NZ_JAERJB010000033.1	NODE_659_length_815_cov_2.369737	98.65	True	True
11822	12636	1	815	EC031_NZ_JAERJC010000017.1	NODE_659_length_815_cov_2.369737	98.65	True	True
CONTIG	NODE_659_length_815_cov_2.369737	815	ambiguous
808	1610	1	803	A39_fig_1219382.3.peg.2223	NODE_660_length_815_cov_2.001316	97.88		True
CONTIG	NODE_660_length_815_cov_2.001316	815	correct
CONTIG	NODE_661_length_814_cov_3.660079	814	unaligned
86140	86950	1	811	EC034_NZ_JAERJB010000002.1	NODE_662_length_814_cov_1.471673	95.93	True	True
25543	26353	811	1	EC031_NZ_JAERJC010000009.1	NODE_662_length_814_cov_1.471673	95.93	True	True
CONTIG	NODE_662_length_814_cov_1.471673	814	ambiguous
CONTIG	NODE_663_length_812_cov_2.208719	812	unaligned
CONTIG	NODE_664_length_812_cov_1.766182	812	unaligned
93829	94639	1	811	BB226_NZ_JAEQDM010000003.1	NODE_665_length_811_cov_2.109788	96.92		True
CONTIG	NODE_665_length_811_cov_2.109788	811	correct
11182	11991	2	811	BB362_NZ_JAEQDL010000049.1	NODE_666_length_811_cov_1.997354	96.54	True	True
91765	92564	811	12	BB226_NZ_JAEQDM010000001.1	NODE_666_length_811_cov_1.997354	97.25	True	True
CONTIG	NODE_666_length_811_cov_1.997354	811	ambiguous
4481	5290	811	2	BB226_NZ_JAEQDM010000024.1	NODE_667_length_811_cov_1.673280	97.53	True	True
1797	2606	811	2	CIP110549_fig_1392540.14.peg.1084	NODE_667_length_811_cov_1.673280	97.53	True	True
198572	199381	811	2	EC031_NZ_JAERJC010000002.1	NODE_667_length_811_cov_1.673280	97.41	True	True
6549	7358	811	2	EC034_NZ_JAERJB010000023.1	NODE_667_length_811_cov_1.673280	97.41	True	True
84431	85240	811	2	BB362_NZ_JAEQDL010000001.1	NODE_667_length_811_cov_1.673280	96.91	True	True
1797	2606	811	2	A39_fig_1219382.3.peg.264	NODE_667_length_811_cov_1.673280	96.91	True	True
CONTIG	NODE_667_length_811_cov_1.673280	811	ambiguous
971	1774	810	7	A39_fig_1219382.3.peg.1932	NODE_668_length_810_cov_2.386755	99.63	True	True
971	1774	810	7	CIP110549_fig_1392540.14.peg.2070	NODE_668_length_810_cov_2.386755	99.63	True	True
8874	9677	810	7	BB226_NZ_JAEQDM010000001.1	NODE_668_length_810_cov_2.386755	99.38	True	True
CONTIG	NODE_668_length_810_cov_2.386755	810	ambiguous
136013	136822	1	810	BB226_NZ_JAEQDM010000001.1	NODE_669_length_810_cov_2.251656	98.15	True	True
63956	64765	1	810	EC031_NZ_JAERJC010000011.1	NODE_669_length_810_cov_2.251656	97.65	True	True
51385	52194	1	810	EC034_NZ_JAERJB010000014.1	NODE_669_length_810_cov_2.251656	97.65	True	True
460	1269	1	810	A39_fig_1219382.3.peg.1795	NODE_669_length_810_cov_2.251656	97.53	True	True
460	1272	1	810	CIP110549_fig_1392540.14.peg.2188	NODE_669_length_810_cov_2.251656	97.42	True	True
CONTIG	NODE_669_length_810_cov_2.251656	810	ambiguous
CONTIG	NODE_670_length_807_cov_2.498670	807	unaligned
54547	55353	807	1	BB226_NZ_JAEQDM010000014.1	NODE_671_length_807_cov_1.765957	99.26	True	True
79447	80253	1	807	EC031_NZ_JAERJC010000007.1	NODE_671_length_807_cov_1.765957	99.13	True	True
145	951	807	1	A39_fig_1219382.3.peg.1208	NODE_671_length_807_cov_1.765957	99.13	True	True
79455	80261	1	807	EC034_NZ_JAERJB010000003.1	NODE_671_length_807_cov_1.765957	99.13	True	True
145	951	807	1	CIP110549_fig_1392540.14.peg.1296	NODE_671_length_807_cov_1.765957	98.64	True	True
CONTIG	NODE_671_length_807_cov_1.765957	807	ambiguous
1984	2789	1	806	SCC477_NZ_VTDQ01000065.1	NODE_672_length_806_cov_3.368842	98.64	True	True
809	1610	5	806	BB362_NZ_JAEQDL010000048.1	NODE_672_length_806_cov_3.368842	98.25	True	True
CONTIG	NODE_672_length_806_cov_3.368842	806	ambiguous
76734	77539	1	806	BB226_NZ_JAEQDM010000003.1	NODE_673_length_806_cov_3.198402	97.27	True	True
27846	28645	1	800	BB362_NZ_JAEQDL010000016.1	NODE_673_length_806_cov_3.198402	97.88	True	True
CONTIG	NODE_673_length_806_cov_3.198402	806	ambiguous
1991	2796	1	806	CIP110549_fig_1392540.14.peg.1109	NODE_674_length_806_cov_1.119840	98.26	True	True
1993	2796	3	806	A39_fig_1219382.3.peg.239	NODE_674_length_806_cov_1.119840	97.89	True	True
CONTIG	NODE_674_length_806_cov_1.119840	806	ambiguous
8905	9141	6	242	FNA3_NZ_VTDT01000044.1	NODE_675_length_805_cov_2.294667	100.0		False
8905	9141	6	242	SCC474reference_NZ_VTDT01000044.1	NODE_675_length_805_cov_2.294667	100.0		False
7599	7835	6	242	FNA11_NZ_VTDS01000038.1	NODE_675_length_805_cov_2.294667	100.0		False
4275	4511	242	6	SCC477_NZ_VTDQ01000064.1	NODE_675_length_805_cov_2.294667	100.0		True
CONTIG	NODE_675_length_805_cov_2.294667	805	correct_unaligned
138947	139744	8	805	BB362_NZ_JAEQDL010000001.1	NODE_676_length_805_cov_1.590667	97.49		True
CONTIG	NODE_676_length_805_cov_1.590667	805	correct
34299	35077	5	782	BB226_NZ_JAEQDM010000021.1	NODE_677_length_804_cov_1.861148	98.2		False
216178	216956	782	5	BB362_NZ_JAEQDL010000001.1	NODE_677_length_804_cov_1.861148	98.59		True
CONTIG	NODE_677_length_804_cov_1.861148	804	correct
31879	32678	803	4	BB226_NZ_JAEQDM010000023.1	NODE_678_length_803_cov_2.251337	97.5	True	True
108766	109568	1	803	BB362_NZ_JAEQDL010000003.1	NODE_678_length_803_cov_2.251337	97.01	True	True
CONTIG	NODE_678_length_803_cov_2.251337	803	ambiguous
196	1000	799	1	EC034_NZ_JAERJB010000017.1	NODE_679_length_803_cov_1.803476	96.65	True	True
54551	55355	1	799	EC031_NZ_JAERJC010000015.1	NODE_679_length_803_cov_1.803476	96.65	True	True
CONTIG	NODE_679_length_803_cov_1.803476	803	ambiguous
4130	4931	802	1	FNA3_NZ_VTDT01000018.1	NODE_680_length_802_cov_1.566265	99.0	True	True
4127	4928	802	1	SCC477_NZ_VTDQ01000008.1	NODE_680_length_802_cov_1.566265	99.0	True	True
99968	100769	802	1	FNA11_NZ_VTDS01000001.1	NODE_680_length_802_cov_1.566265	99.0	True	True
4130	4931	802	1	SCC474reference_NZ_VTDT01000018.1	NODE_680_length_802_cov_1.566265	99.0	True	True
65038	65839	1	802	BB226_NZ_JAEQDM010000011.1	NODE_680_length_802_cov_1.566265	98.75	True	True
CONTIG	NODE_680_length_802_cov_1.566265	802	ambiguous
32761	33551	791	1	EC031_NZ_JAERJC010000006.1	NODE_681_length_801_cov_2.513405	99.24		False
32464	33254	791	1	EC034_NZ_JAERJB010000022.1	NODE_681_length_801_cov_2.513405	99.24		False
20401	21191	1	791	BB226_NZ_JAEQDM010000020.1	NODE_681_length_801_cov_2.513405	99.87		True
CONTIG	NODE_681_length_801_cov_2.513405	801	correct
1765	2566	801	1	CIP110549_fig_1392540.14.peg.1167	NODE_682_length_801_cov_2.191689	98.0	True	True
1765	2566	801	1	A39_fig_1219382.3.peg.180	NODE_682_length_801_cov_2.191689	97.88	True	True
171455	172256	801	1	BB362_NZ_JAEQDL010000001.1	NODE_682_length_801_cov_2.191689	97.51	True	True
CONTIG	NODE_682_length_801_cov_2.191689	801	ambiguous
36265	37079	1	801	BB362_NZ_JAEQDL010000005.1	NODE_683_length_801_cov_2.036193	96.56	True	True
89626	90440	1	801	EC034_NZ_JAERJB010000003.1	NODE_683_length_801_cov_2.036193	96.44	True	True
89618	90432	1	801	EC031_NZ_JAERJC010000007.1	NODE_683_length_801_cov_2.036193	96.44	True	True
CONTIG	NODE_683_length_801_cov_2.036193	801	ambiguous
125245	126045	800	1	BB362_NZ_JAEQDL010000001.1	NODE_684_length_800_cov_1.679195	98.38		True
CONTIG	NODE_684_length_800_cov_1.679195	800	correct
1351	2150	1	800	CIP110549_fig_1392540.14.peg.926	NODE_685_length_800_cov_1.387919	99.5		True
CONTIG	NODE_685_length_800_cov_1.387919	800	correct
56458	57256	799	1	BB226_NZ_JAEQDM010000009.1	NODE_686_length_799_cov_2.658602	98.25		True
CONTIG	NODE_686_length_799_cov_2.658602	799	correct
CONTIG	NODE_687_length_799_cov_1.811828	799	unaligned
6988	7588	198	799	BB362_NZ_JAEQDL010000047.1	NODE_688_length_799_cov_1.696237	97.67		True
CONTIG	NODE_688_length_799_cov_1.696237	799	correct
7740	8532	1	794	BB226_NZ_JAEQDM010000039.1	NODE_689_length_799_cov_1.688172	95.73		True
CONTIG	NODE_689_length_799_cov_1.688172	799	correct
1111	1902	7	798	A39_fig_1219382.3.peg.2111	NODE_690_length_798_cov_1.745626	97.22	True	True
34159	34950	7	798	BB362_NZ_JAEQDL010000016.1	NODE_690_length_798_cov_1.745626	96.97	True	True
1111	1902	7	798	CIP110549_fig_1392540.14.peg.1755	NODE_690_length_798_cov_1.745626	96.97	True	True
51087	51884	798	1	EC031_NZ_JAERJC010000014.1	NODE_690_length_798_cov_1.745626	96.24	True	True
51087	51884	798	1	EC034_NZ_JAERJB010000018.1	NODE_690_length_798_cov_1.745626	96.24	True	True
CONTIG	NODE_690_length_798_cov_1.745626	798	ambiguous
22430	23252	798	9	EC034_NZ_JAERJB010000017.1	NODE_691_length_798_cov_1.728129	92.95	True	True
32299	33121	9	798	EC031_NZ_JAERJC010000015.1	NODE_691_length_798_cov_1.728129	92.95	True	True
CONTIG	NODE_691_length_798_cov_1.728129	798	ambiguous
34328	35125	1	798	BB226_NZ_JAEQDM010000003.1	NODE_692_length_798_cov_1.694482	97.99		True
CONTIG	NODE_692_length_798_cov_1.694482	798	correct
14529	15321	5	797	BB226_NZ_JAEQDM010000005.1	NODE_693_length_797_cov_2.111860	97.6		True
CONTIG	NODE_693_length_797_cov_2.111860	797	correct
1708	2503	796	1	EC031_NZ_JAERJC010000024.1	NODE_694_length_796_cov_2.761134	96.98	True	True
13716	14511	1	796	EC034_NZ_JAERJB010000036.1	NODE_694_length_796_cov_2.761134	96.98	True	True
1695	2490	796	1	BB362_NZ_JAEQDL010000061.1	NODE_694_length_796_cov_2.761134	96.73	True	True
CONTIG	NODE_694_length_796_cov_2.761134	796	ambiguous
11230	12021	1	792	BB362_NZ_JAEQDL010000038.1	NODE_695_length_796_cov_1.820513	99.12	True	True
101579	102372	1	796	BB226_NZ_JAEQDM010000006.1	NODE_695_length_796_cov_1.820513	98.62	True	True
118014	118809	1	796	EC034_NZ_JAERJB010000005.1	NODE_695_length_796_cov_1.820513	98.24	True	True
7755	8550	796	1	EC031_NZ_JAERJC010000001.1	NODE_695_length_796_cov_1.820513	98.24	True	True
CONTIG	NODE_695_length_796_cov_1.820513	796	ambiguous
13898	14692	795	1	BB362_NZ_JAEQDL010000014.1	NODE_696_length_795_cov_1.859459	97.99	True	True
155965	156759	795	1	EC031_NZ_JAERJC010000001.1	NODE_696_length_795_cov_1.859459	97.61	True	True
58418	59212	1	795	EC034_NZ_JAERJB010000010.1	NODE_696_length_795_cov_1.859459	97.61	True	True
CONTIG	NODE_696_length_795_cov_1.859459	795	ambiguous
65200	65994	1	795	EC034_NZ_JAERJB010000014.1	NODE_697_length_795_cov_1.682432	98.49	True	True
77771	78565	1	795	EC031_NZ_JAERJC010000011.1	NODE_697_length_795_cov_1.682432	98.49	True	True
9685	10479	795	1	BB226_NZ_JAEQDM010000035.1	NODE_697_length_795_cov_1.682432	98.11	True	True
CONTIG	NODE_697_length_795_cov_1.682432	795	ambiguous
32017	32753	57	794	EC031_NZ_JAERJC010000009.1	NODE_698_length_794_cov_1.826793	95.26		False
23531	24269	57	794	BB226_NZ_JAEQDM010000009.1	NODE_698_length_794_cov_1.826793	94.99		False
79740	80476	794	57	EC034_NZ_JAERJB010000002.1	NODE_698_length_794_cov_1.826793	95.26		True
CONTIG	NODE_698_length_794_cov_1.826793	794	correct
39751	40544	794	1	EC034_NZ_JAERJB010000019.1	NODE_699_length_794_cov_1.627876	98.24	True	True
98674	99467	1	794	EC031_NZ_JAERJC010000002.1	NODE_699_length_794_cov_1.627876	98.24	True	True
15039	15832	1	794	BB226_NZ_JAEQDM010000011.1	NODE_699_length_794_cov_1.627876	98.11	True	True
CONTIG	NODE_699_length_794_cov_1.627876	794	ambiguous
54	887	1	793	A39_fig_1219382.3.peg.2458	NODE_700_length_793_cov_1.817073	94.96	True	True
54	887	1	793	CIP110549_fig_1392540.14.peg.2382	NODE_700_length_793_cov_1.817073	94.72	True	True
12246	13079	793	1	BB362_NZ_JAEQDL010000009.1	NODE_700_length_793_cov_1.817073	94.24	True	True
CONTIG	NODE_700_length_793_cov_1.817073	793	ambiguous
47	839	793	1	A39_fig_1219382.3.peg.2216	NODE_701_length_793_cov_0.968835	99.5	True	True
47	839	793	1	CIP110549_fig_1392540.14.peg.1859	NODE_701_length_793_cov_0.968835	99.24	True	True
22591	23383	1	793	EC034_NZ_JAERJB010000027.1	NODE_701_length_793_cov_0.968835	99.24	True	True
121441	122233	793	1	EC031_NZ_JAERJC010000004.1	NODE_701_length_793_cov_0.968835	99.24	True	True
8486	9278	793	1	BB226_NZ_JAEQDM010000029.1	NODE_701_length_793_cov_0.968835	98.74	True	True
CONTIG	NODE_701_length_793_cov_0.968835	793	ambiguous
7097	7888	792	1	BB362_NZ_JAEQDL010000017.1	NODE_702_length_792_cov_1.926730	99.49	True	True
100171	100962	792	1	BB226_NZ_JAEQDM010000003.1	NODE_702_length_792_cov_1.926730	99.37	True	True
33953	34744	1	792	EC031_NZ_JAERJC010000014.1	NODE_702_length_792_cov_1.926730	99.24	True	True
33953	34744	1	792	EC034_NZ_JAERJB010000018.1	NODE_702_length_792_cov_1.926730	99.24	True	True
CONTIG	NODE_702_length_792_cov_1.926730	792	ambiguous
1574	2365	792	1	CIP110549_fig_1392540.14.peg.13	NODE_703_length_792_cov_1.530529	99.49	True	True
1574	2365	792	1	A39_fig_1219382.3.peg.1729	NODE_703_length_792_cov_1.530529	98.99	True	True
CONTIG	NODE_703_length_792_cov_1.530529	792	ambiguous
88819	89610	792	1	EC034_NZ_JAERJB010000005.1	NODE_704_length_792_cov_1.203528	97.47	True	True
36954	37745	1	792	EC031_NZ_JAERJC010000001.1	NODE_704_length_792_cov_1.203528	97.47	True	True
71509	72300	792	1	BB226_NZ_JAEQDM010000006.1	NODE_704_length_792_cov_1.203528	96.59	True	True
CONTIG	NODE_704_length_792_cov_1.203528	792	ambiguous
64739	65528	1	790	BB226_NZ_JAEQDM010000015.1	NODE_705_length_790_cov_1.955102	98.73		True
CONTIG	NODE_705_length_790_cov_1.955102	790	correct
67311	68100	1	790	BB362_NZ_JAEQDL010000004.1	NODE_706_length_790_cov_1.231293	97.97	True	True
31946	32735	790	1	EC034_NZ_JAERJB010000009.1	NODE_706_length_790_cov_1.231293	97.85	True	True
248691	249480	790	1	EC031_NZ_JAERJC010000001.1	NODE_706_length_790_cov_1.231293	97.85	True	True
CONTIG	NODE_706_length_790_cov_1.231293	790	ambiguous
491	1278	1	788	A39_fig_1219382.3.peg.438	NODE_707_length_788_cov_2.753070	99.24	True	True
491	1278	1	788	CIP110549_fig_1392540.14.peg.955	NODE_707_length_788_cov_2.753070	98.86	True	True
28776	29563	788	1	BB362_NZ_JAEQDL010000013.1	NODE_707_length_788_cov_2.753070	98.35	True	True
52627	53414	1	788	BB226_NZ_JAEQDM010000012.1	NODE_707_length_788_cov_2.753070	98.35	True	True
CONTIG	NODE_707_length_788_cov_2.753070	788	ambiguous
30243	31030	1	788	BB226_NZ_JAEQDM010000009.1	NODE_708_length_788_cov_1.937244	98.35	True	True
38727	39513	1	788	EC031_NZ_JAERJC010000009.1	NODE_708_length_788_cov_1.937244	97.97	True	True
72980	73766	788	1	EC034_NZ_JAERJB010000002.1	NODE_708_length_788_cov_1.937244	97.97	True	True
CONTIG	NODE_708_length_788_cov_1.937244	788	ambiguous
376	1162	787	1	A39_fig_1219382.3.peg.409	NODE_709_length_787_cov_2.165301	98.73	True	True
379	1162	784	1	CIP110549_fig_1392540.14.peg.984	NODE_709_length_787_cov_2.165301	98.34	True	True
CONTIG	NODE_709_length_787_cov_2.165301	787	ambiguous
123	908	1	786	A39_fig_1219382.3.peg.2262	NODE_710_length_786_cov_1.625171	98.85	True	True
123	908	1	786	CIP110549_fig_1392540.14.peg.1906	NODE_710_length_786_cov_1.625171	98.47	True	True
84969	85754	1	786	BB226_NZ_JAEQDM010000005.1	NODE_710_length_786_cov_1.625171	98.22	True	True
CONTIG	NODE_710_length_786_cov_1.625171	786	ambiguous
16024	16810	784	1	BB226_NZ_JAEQDM010000001.1	NODE_711_length_784_cov_1.614540	98.6	True	True
55447	56232	784	1	EC031_NZ_JAERJC010000010.1	NODE_711_length_784_cov_1.614540	98.35	True	True
55223	56008	1	784	EC034_NZ_JAERJB010000006.1	NODE_711_length_784_cov_1.614540	98.35	True	True
30505	31291	1	784	BB362_NZ_JAEQDL010000006.1	NODE_711_length_784_cov_1.614540	97.84	True	True
CONTIG	NODE_711_length_784_cov_1.614540	784	ambiguous
1053	1836	784	1	CIP110549_fig_1392540.14.peg.1695	NODE_712_length_784_cov_1.421125	99.49	True	True
1053	1836	784	1	A39_fig_1219382.3.peg.2051	NODE_712_length_784_cov_1.421125	98.85	True	True
CONTIG	NODE_712_length_784_cov_1.421125	784	ambiguous
76	858	783	1	A39_fig_1219382.3.peg.1203	NODE_713_length_783_cov_2.072802	99.23		True
CONTIG	NODE_713_length_783_cov_2.072802	783	correct
79650	80408	759	1	BB226_NZ_JAEQDM010000007.1	NODE_714_length_781_cov_1.597796	95.78		True
CONTIG	NODE_714_length_781_cov_1.597796	781	correct
23723	24503	781	1	BB226_NZ_JAEQDM010000010.1	NODE_715_length_781_cov_1.567493	98.59		True
CONTIG	NODE_715_length_781_cov_1.567493	781	correct
329	1106	1	778	CIP110549_fig_1392540.14.peg.625	NODE_716_length_781_cov_1.461433	97.56	True	True
33094	33874	1	781	EC031_NZ_JAERJC010000003.1	NODE_716_length_781_cov_1.461433	96.93	True	True
158496	159276	781	1	EC034_NZ_JAERJB010000001.1	NODE_716_length_781_cov_1.461433	96.93	True	True
329	1106	1	778	A39_fig_1219382.3.peg.1463	NODE_716_length_781_cov_1.461433	96.92	True	True
4594	5371	778	1	BB362_NZ_JAEQDL010000031.1	NODE_716_length_781_cov_1.461433	96.66	True	True
CONTIG	NODE_716_length_781_cov_1.461433	781	ambiguous
71962	72743	1	780	BB226_NZ_JAEQDM010000010.1	NODE_717_length_780_cov_2.495172	97.7		True
CONTIG	NODE_717_length_780_cov_2.495172	780	correct
2044	2823	780	1	BB226_NZ_JAEQDM010000021.1	NODE_718_length_780_cov_1.702069	99.1	True	True
124797	125576	1	780	EC034_NZ_JAERJB010000004.1	NODE_718_length_780_cov_1.702069	98.72	True	True
121479	122258	1	780	EC031_NZ_JAERJC010000008.1	NODE_718_length_780_cov_1.702069	98.72	True	True
CONTIG	NODE_718_length_780_cov_1.702069	780	ambiguous
886	1665	1	780	CIP110549_fig_1392540.14.peg.2493	NODE_719_length_780_cov_1.331034	98.46	True	True
886	1665	1	780	A39_fig_1219382.3.peg.48	NODE_719_length_780_cov_1.331034	98.21	True	True
6228	7007	780	1	BB226_NZ_JAEQDM010000036.1	NODE_719_length_780_cov_1.331034	97.56	True	True
9333	10112	1	780	EC034_NZ_JAERJB010000036.1	NODE_719_length_780_cov_1.331034	97.56	True	True
6107	6886	780	1	EC031_NZ_JAERJC010000024.1	NODE_719_length_780_cov_1.331034	97.56	True	True
CONTIG	NODE_719_length_780_cov_1.331034	780	ambiguous
4078	4856	779	1	BB362_NZ_JAEQDL010000021.1	NODE_720_length_779_cov_3.241713	99.49	True	True
46280	47057	1	779	EC034_NZ_JAERJB010000017.1	NODE_720_length_779_cov_3.241713	98.97	True	True
8494	9271	779	1	EC031_NZ_JAERJC010000015.1	NODE_720_length_779_cov_3.241713	98.97	True	True
4805	5586	779	1	BB226_NZ_JAEQDM010000048.1	NODE_720_length_779_cov_3.241713	98.85	True	True
CONTIG	NODE_720_length_779_cov_3.241713	779	ambiguous
156394	157167	1	774	BB362_NZ_JAEQDL010000002.1	NODE_721_length_778_cov_2.248963	98.71	True	True
103524	104297	774	1	BB226_NZ_JAEQDM010000005.1	NODE_721_length_778_cov_2.248963	98.58	True	True
25033	25810	1	778	EC034_NZ_JAERJB010000013.1	NODE_721_length_778_cov_2.248963	98.07	True	True
85578	86355	778	1	EC031_NZ_JAERJC010000004.1	NODE_721_length_778_cov_2.248963	98.07	True	True
CONTIG	NODE_721_length_778_cov_2.248963	778	ambiguous
135745	136522	1	778	BB362_NZ_JAEQDL010000003.1	NODE_722_length_778_cov_2.232365	99.36	True	True
4073	4849	778	2	BB226_NZ_JAEQDM010000023.1	NODE_722_length_778_cov_2.232365	98.58	True	True
3857	4633	778	2	EC031_NZ_JAERJC010000020.1	NODE_722_length_778_cov_2.232365	98.58	True	True
140179	140955	2	778	EC034_NZ_JAERJB010000002.1	NODE_722_length_778_cov_2.232365	98.58	True	True
CONTIG	NODE_722_length_778_cov_2.232365	778	ambiguous
CONTIG	NODE_723_length_778_cov_2.228216	778	unaligned
64373	65150	778	1	BB226_NZ_JAEQDM010000002.1	NODE_724_length_778_cov_1.278008	99.23		True
CONTIG	NODE_724_length_778_cov_1.278008	778	correct
2265	3031	1	767	BB226_NZ_JAEQDM010000022.1	NODE_725_length_777_cov_2.288089	97.0		True
CONTIG	NODE_725_length_777_cov_2.288089	777	correct
47103	47879	1	777	BB226_NZ_JAEQDM010000018.1	NODE_726_length_777_cov_1.314404	98.84	True	True
85412	86188	777	1	EC034_NZ_JAERJB010000006.1	NODE_726_length_777_cov_1.314404	98.33	True	True
25267	26043	1	777	EC031_NZ_JAERJC010000010.1	NODE_726_length_777_cov_1.314404	98.33	True	True
CONTIG	NODE_726_length_777_cov_1.314404	777	ambiguous
CONTIG	NODE_727_length_777_cov_1.123269	777	unaligned
99283	100058	1	776	EC034_NZ_JAERJB010000003.1	NODE_728_length_776_cov_2.836338	98.71	True	True
99275	100050	1	776	EC031_NZ_JAERJC010000007.1	NODE_728_length_776_cov_2.836338	98.71	True	True
34748	35523	776	1	BB226_NZ_JAEQDM010000014.1	NODE_728_length_776_cov_2.836338	97.94	True	True
CONTIG	NODE_728_length_776_cov_2.836338	776	ambiguous
168	944	1	776	CIP110549_fig_1392540.14.peg.2064	NODE_729_length_776_cov_2.009709	98.46	True	True
42486	43258	776	5	EC031_NZ_JAERJC010000010.1	NODE_729_length_776_cov_2.009709	98.71	True	True
68197	68969	5	776	EC034_NZ_JAERJB010000006.1	NODE_729_length_776_cov_2.009709	98.71	True	True
172	944	5	776	A39_fig_1219382.3.peg.1938	NODE_729_length_776_cov_2.009709	98.32	True	True
CONTIG	NODE_729_length_776_cov_2.009709	776	ambiguous
362	1137	1	776	CIP110549_fig_1392540.14.peg.2159	NODE_730_length_776_cov_1.919556	98.97	True	True
1884	2659	776	1	BB362_NZ_JAEQDL010000049.1	NODE_730_length_776_cov_1.919556	98.58	True	True
362	1137	1	776	A39_fig_1219382.3.peg.1832	NODE_730_length_776_cov_1.919556	98.32	True	True
102399	103174	1	776	BB226_NZ_JAEQDM010000001.1	NODE_730_length_776_cov_1.919556	98.2	True	True
17784	18559	1	776	EC034_NZ_JAERJB010000014.1	NODE_730_length_776_cov_1.919556	98.07	True	True
30349	31124	1	776	EC031_NZ_JAERJC010000011.1	NODE_730_length_776_cov_1.919556	98.07	True	True
CONTIG	NODE_730_length_776_cov_1.919556	776	ambiguous
CONTIG	NODE_731_length_776_cov_1.567268	776	unaligned
CONTIG	NODE_732_length_775_cov_2.947222	775	unaligned
16314	17091	775	1	BB226_NZ_JAEQDM010000019.1	NODE_733_length_775_cov_2.222222	98.2	True	True
41144	41918	1	775	EC034_NZ_JAERJB010000003.1	NODE_733_length_775_cov_2.222222	97.29	True	True
41136	41910	1	775	EC031_NZ_JAERJC010000007.1	NODE_733_length_775_cov_2.222222	97.29	True	True
CONTIG	NODE_733_length_775_cov_2.222222	775	ambiguous
37912	38686	775	1	BB226_NZ_JAEQDM010000012.1	NODE_734_length_775_cov_2.052778	98.32	True	True
37953	38727	775	1	EC031_NZ_JAERJC010000002.1	NODE_734_length_775_cov_2.052778	98.19	True	True
38133	38907	775	1	EC034_NZ_JAERJB010000012.1	NODE_734_length_775_cov_2.052778	98.19	True	True
43471	44245	1	775	BB362_NZ_JAEQDL010000013.1	NODE_734_length_775_cov_2.052778	97.68	True	True
CONTIG	NODE_734_length_775_cov_2.052778	775	ambiguous
217727	218501	775	1	BB362_NZ_JAEQDL010000001.1	NODE_735_length_775_cov_1.676389	99.61		True
CONTIG	NODE_735_length_775_cov_1.676389	775	correct
CONTIG	NODE_736_length_775_cov_1.666667	775	unaligned
1211	1983	775	3	CIP110549_fig_1392540.14.peg.543	NODE_737_length_775_cov_1.619444	97.54	True	True
1211	1983	775	3	A39_fig_1219382.3.peg.1541	NODE_737_length_775_cov_1.619444	97.41	True	True
119065	119837	3	775	EC031_NZ_JAERJC010000003.1	NODE_737_length_775_cov_1.619444	97.28	True	True
72533	73305	775	3	EC034_NZ_JAERJB010000001.1	NODE_737_length_775_cov_1.619444	97.28	True	True
71128	71900	775	3	BB226_NZ_JAEQDM010000002.1	NODE_737_length_775_cov_1.619444	97.15	True	True
38674	39446	3	775	BB362_NZ_JAEQDL010000008.1	NODE_737_length_775_cov_1.619444	97.02	True	True
CONTIG	NODE_737_length_775_cov_1.619444	775	ambiguous
CONTIG	NODE_738_length_774_cov_1.824757	774	unaligned
1507	2280	1	774	CIP110549_fig_1392540.14.peg.782	NODE_739_length_774_cov_1.578581	99.48		True
CONTIG	NODE_739_length_774_cov_1.578581	774	correct
2643	3415	773	1	BB226_NZ_JAEQDM010000031.1	NODE_740_length_773_cov_1.956825	97.28		True
CONTIG	NODE_740_length_773_cov_1.956825	773	correct
256	1028	773	1	CIP110549_fig_1392540.14.peg.775	NODE_741_length_773_cov_1.937326	99.22	True	True
68782	69554	1	773	BB362_NZ_JAEQDL010000007.1	NODE_741_length_773_cov_1.937326	99.22	True	True
256	1028	773	1	A39_fig_1219382.3.peg.615	NODE_741_length_773_cov_1.937326	98.84	True	True
138487	139259	1	773	EC031_NZ_JAERJC010000001.1	NODE_741_length_773_cov_1.937326	98.32	True	True
75918	76690	773	1	EC034_NZ_JAERJB010000010.1	NODE_741_length_773_cov_1.937326	98.32	True	True
63725	64497	773	1	BB226_NZ_JAEQDM010000016.1	NODE_741_length_773_cov_1.937326	98.32	True	True
CONTIG	NODE_741_length_773_cov_1.937326	773	ambiguous
1824	2594	1	771	BB362_NZ_JAEQDL010000011.1	NODE_742_length_771_cov_1.949721	99.09	True	True
1268	2038	771	1	EC034_NZ_JAERJB010000027.1	NODE_742_length_771_cov_1.949721	98.96	True	True
142786	143556	1	771	EC031_NZ_JAERJC010000004.1	NODE_742_length_771_cov_1.949721	98.96	True	True
1259	2029	771	1	BB226_NZ_JAEQDM010000064.1	NODE_742_length_771_cov_1.949721	98.57	True	True
CONTIG	NODE_742_length_771_cov_1.949721	771	ambiguous
1727	2497	771	1	CIP110549_fig_1392540.14.peg.2493	NODE_743_length_771_cov_1.465084	98.44	True	True
5396	6166	1	771	BB226_NZ_JAEQDM010000036.1	NODE_743_length_771_cov_1.465084	98.18	True	True
1727	2497	771	1	A39_fig_1219382.3.peg.48	NODE_743_length_771_cov_1.465084	98.05	True	True
5254	6024	1	771	BB362_NZ_JAEQDL010000061.1	NODE_743_length_771_cov_1.465084	98.05	True	True
5275	6045	1	771	EC031_NZ_JAERJC010000024.1	NODE_743_length_771_cov_1.465084	97.92	True	True
10174	10944	771	1	EC034_NZ_JAERJB010000036.1	NODE_743_length_771_cov_1.465084	97.92	True	True
CONTIG	NODE_743_length_771_cov_1.465084	771	ambiguous
53370	54139	770	1	EC034_NZ_JAERJB010000017.1	NODE_744_length_770_cov_2.074126	97.41	True	True
1412	2181	1	770	EC031_NZ_JAERJC010000015.1	NODE_744_length_770_cov_2.074126	97.41	True	True
896	1665	770	1	BB362_NZ_JAEQDL010000075.1	NODE_744_length_770_cov_2.074126	97.27	True	True
126	895	770	1	BB226_NZ_JAEQDM010000065.1	NODE_744_length_770_cov_2.074126	96.88	True	True
891	1660	770	1	A39_fig_1219382.3.peg.2505	NODE_744_length_770_cov_2.074126	96.62	True	True
CONTIG	NODE_744_length_770_cov_2.074126	770	ambiguous
40584	41353	1	770	BB362_NZ_JAEQDL010000013.1	NODE_745_length_770_cov_1.302098	98.7	True	True
40804	41573	770	1	BB226_NZ_JAEQDM010000012.1	NODE_745_length_770_cov_1.302098	98.7	True	True
40846	41615	770	1	EC031_NZ_JAERJC010000002.1	NODE_745_length_770_cov_1.302098	98.57	True	True
41026	41795	770	1	EC034_NZ_JAERJB010000012.1	NODE_745_length_770_cov_1.302098	98.57	True	True
CONTIG	NODE_745_length_770_cov_1.302098	770	ambiguous
4694	5457	769	6	BB226_NZ_JAEQDM010000042.1	NODE_746_length_769_cov_2.872549	99.21	True	True
2774	3536	769	6	SCC477_NZ_VTDQ01000065.1	NODE_746_length_769_cov_2.872549	98.56	True	True
1595	2358	769	6	BB362_NZ_JAEQDL010000048.1	NODE_746_length_769_cov_2.872549	98.3	True	True
CONTIG	NODE_746_length_769_cov_2.872549	769	ambiguous
CONTIG	NODE_747_length_769_cov_2.193277	769	unaligned
4440	5208	769	1	BB226_NZ_JAEQDM010000019.1	NODE_748_length_769_cov_2.077031	98.57	True	True
220	980	761	1	BB362_NZ_JAEQDL010000071.1	NODE_748_length_769_cov_2.077031	98.82	True	True
CONTIG	NODE_748_length_769_cov_2.077031	769	ambiguous
23774	24541	1	768	BB226_NZ_JAEQDM010000024.1	NODE_749_length_768_cov_3.889201	99.48	True	True
217858	218625	1	768	EC031_NZ_JAERJC010000002.1	NODE_749_length_768_cov_3.889201	99.09	True	True
25835	26602	1	768	EC034_NZ_JAERJB010000023.1	NODE_749_length_768_cov_3.889201	99.09	True	True
CONTIG	NODE_749_length_768_cov_3.889201	768	ambiguous
197	964	768	1	CIP110549_fig_1392540.14.peg.2365	NODE_750_length_768_cov_2.201964	98.18	True	True
197	964	768	1	A39_fig_1219382.3.peg.2474	NODE_750_length_768_cov_2.201964	98.18	True	True
32499	33266	768	1	BB362_NZ_JAEQDL010000009.1	NODE_750_length_768_cov_2.201964	97.92	True	True
41375	42142	768	1	EC031_NZ_JAERJC010000013.1	NODE_750_length_768_cov_2.201964	97.66	True	True
41375	42142	768	1	EC034_NZ_JAERJB010000016.1	NODE_750_length_768_cov_2.201964	97.66	True	True
49769	50536	768	1	BB226_NZ_JAEQDM010000017.1	NODE_750_length_768_cov_2.201964	97.66	True	True
CONTIG	NODE_750_length_768_cov_2.201964	768	ambiguous
382	1148	1	767	A39_fig_1219382.3.peg.727	NODE_751_length_767_cov_2.011236	99.09	True	True
382	1148	1	767	CIP110549_fig_1392540.14.peg.341	NODE_751_length_767_cov_2.011236	98.17	True	True
CONTIG	NODE_751_length_767_cov_2.011236	767	ambiguous
3621	4387	1	767	BB362_NZ_JAEQDL010000054.1	NODE_752_length_767_cov_1.956461	98.7	True	True
6673	7437	3	767	BB226_NZ_JAEQDM010000020.1	NODE_752_length_767_cov_1.956461	98.17	True	True
CONTIG	NODE_752_length_767_cov_1.956461	767	ambiguous
30211	30977	1	767	EC034_NZ_JAERJB010000001.1	NODE_753_length_767_cov_1.789326	98.7	True	True
161393	162159	767	1	EC031_NZ_JAERJC010000003.1	NODE_753_length_767_cov_1.789326	98.7	True	True
13209	13975	767	1	BB362_NZ_JAEQDL010000045.1	NODE_753_length_767_cov_1.789326	98.57	True	True
31282	32042	7	767	BB226_NZ_JAEQDM010000002.1	NODE_753_length_767_cov_1.789326	99.08	True	True
CONTIG	NODE_753_length_767_cov_1.789326	767	ambiguous
CONTIG	NODE_754_length_765_cov_2.184507	765	unaligned
50755	51511	1	751	BB226_NZ_JAEQDM010000011.1	NODE_755_length_764_cov_2.898449	93.55		True
CONTIG	NODE_755_length_764_cov_2.898449	764	correct
1621	2384	764	1	CIP110549_fig_1392540.14.peg.1234	NODE_756_length_764_cov_2.868829	98.43	True	True
117724	118487	764	1	EC034_NZ_JAERJB010000004.1	NODE_756_length_764_cov_2.868829	98.3	True	True
114406	115169	764	1	EC031_NZ_JAERJC010000008.1	NODE_756_length_764_cov_2.868829	98.3	True	True
1621	2384	764	1	A39_fig_1219382.3.peg.111	NODE_756_length_764_cov_2.868829	97.51	True	True
CONTIG	NODE_756_length_764_cov_2.868829	764	ambiguous
CONTIG	NODE_757_length_764_cov_1.435825	764	unaligned
51068	51830	763	1	EC034_NZ_JAERJB010000019.1	NODE_758_length_763_cov_1.762712	97.77	True	True
87388	88150	1	763	EC031_NZ_JAERJC010000002.1	NODE_758_length_763_cov_1.762712	97.77	True	True
3754	4516	1	763	BB226_NZ_JAEQDM010000011.1	NODE_758_length_763_cov_1.762712	97.77	True	True
CONTIG	NODE_758_length_763_cov_1.762712	763	ambiguous
155234	155996	1	762	EC031_NZ_JAERJC010000004.1	NODE_759_length_762_cov_2.264498	98.69	True	True
56561	57323	762	1	EC034_NZ_JAERJB010000015.1	NODE_759_length_762_cov_2.264498	98.69	True	True
12364	13125	1	762	BB362_NZ_JAEQDL010000011.1	NODE_759_length_762_cov_2.264498	98.69	True	True
6792	7554	1	762	BB226_NZ_JAEQDM010000003.1	NODE_759_length_762_cov_2.264498	98.3	True	True
CONTIG	NODE_759_length_762_cov_2.264498	762	ambiguous
41221	41977	762	6	EC031_NZ_JAERJC010000009.1	NODE_760_length_762_cov_1.888260	98.55	True	True
70516	71272	6	762	EC034_NZ_JAERJB010000002.1	NODE_760_length_762_cov_1.888260	98.55	True	True
66817	67573	6	762	BB362_NZ_JAEQDL010000003.1	NODE_760_length_762_cov_1.888260	97.89	True	True
32738	33494	762	6	BB226_NZ_JAEQDM010000009.1	NODE_760_length_762_cov_1.888260	97.75	True	True
CONTIG	NODE_760_length_762_cov_1.888260	762	ambiguous
3306	4064	1	759	EC034_NZ_JAERJB010000027.1	NODE_761_length_762_cov_1.851485	98.42	True	True
140760	141518	759	1	EC031_NZ_JAERJC010000004.1	NODE_761_length_762_cov_1.851485	98.42	True	True
522	1277	1	756	CIP110549_fig_1392540.14.peg.1841	NODE_761_length_762_cov_1.851485	98.81	True	True
522	1280	1	759	A39_fig_1219382.3.peg.2198	NODE_761_length_762_cov_1.851485	98.29	True	True
CONTIG	NODE_761_length_762_cov_1.851485	762	ambiguous
CONTIG	NODE_762_length_759_cov_1.319602	759	unaligned
10195	10950	756	1	BB226_NZ_JAEQDM010000024.1	NODE_763_length_758_cov_2.091038	98.81	True	True
204284	205040	758	1	EC031_NZ_JAERJC010000002.1	NODE_763_length_758_cov_2.091038	98.28	True	True
12261	13017	758	1	EC034_NZ_JAERJB010000023.1	NODE_763_length_758_cov_2.091038	98.28	True	True
CONTIG	NODE_763_length_758_cov_2.091038	758	ambiguous
492	1248	757	1	CIP110549_fig_1392540.14.peg.2374	NODE_764_length_757_cov_1.992877	98.68	True	True
492	1248	757	1	A39_fig_1219382.3.peg.2466	NODE_764_length_757_cov_1.992877	98.02	True	True
32878	33634	1	757	EC031_NZ_JAERJC010000013.1	NODE_764_length_757_cov_1.992877	97.89	True	True
32878	33634	1	757	EC034_NZ_JAERJB010000016.1	NODE_764_length_757_cov_1.992877	97.89	True	True
CONTIG	NODE_764_length_757_cov_1.992877	757	ambiguous
5335	6090	756	1	BB362_NZ_JAEQDL010000005.1	NODE_765_length_756_cov_1.480742	99.07	True	True
72753	73508	1	756	BB226_NZ_JAEQDM010000014.1	NODE_765_length_756_cov_1.480742	98.28	True	True
CONTIG	NODE_765_length_756_cov_1.480742	756	ambiguous
4678	5433	1	756	EC034_NZ_JAERJB010000027.1	NODE_766_length_756_cov_1.236805	98.68	True	True
139391	140146	756	1	EC031_NZ_JAERJC010000004.1	NODE_766_length_756_cov_1.236805	98.68	True	True
157	912	1	756	CIP110549_fig_1392540.14.peg.1842	NODE_766_length_756_cov_1.236805	98.41	True	True
26436	27191	756	1	BB226_NZ_JAEQDM010000029.1	NODE_766_length_756_cov_1.236805	98.02	True	True
CONTIG	NODE_766_length_756_cov_1.236805	756	ambiguous
CONTIG	NODE_767_length_755_cov_1.474286	755	unaligned
1	617	644	28	NIPH706_fig_1217716.5.peg.3465	NODE_768_length_755_cov_1.367143	94.33		False
1	617	644	28	NIPH706_fig_1217716.5.peg.3269	NODE_768_length_755_cov_1.367143	94.33		False
1	617	644	28	NIPH706_fig_1217716.5.peg.3328	NODE_768_length_755_cov_1.367143	94.33		False
1	617	644	28	NIPH706_fig_1217716.5.peg.1254	NODE_768_length_755_cov_1.367143	94.33		True
CONTIG	NODE_768_length_755_cov_1.367143	755	correct
CONTIG	NODE_769_length_754_cov_2.735336	754	unaligned
486	1239	1	754	A39_fig_1219382.3.peg.1332	NODE_770_length_754_cov_1.755365	99.2	True	True
486	1237	1	752	CIP110549_fig_1392540.14.peg.199	NODE_770_length_754_cov_1.755365	98.54	True	True
CONTIG	NODE_770_length_754_cov_1.755365	754	ambiguous
23776	24518	1	743	BB362_NZ_JAEQDL010000012.1	NODE_771_length_753_cov_2.436963	99.06		False
2749	3491	1	743	BB226_NZ_JAEQDM010000038.1	NODE_771_length_753_cov_2.436963	99.46		True
CONTIG	NODE_771_length_753_cov_2.436963	753	correct
17275	18023	753	5	BB362_NZ_JAEQDL010000023.1	NODE_772_length_753_cov_1.813754	97.2		True
CONTIG	NODE_772_length_753_cov_1.813754	753	correct
83663	84414	752	1	EC034_NZ_JAERJB010000011.1	NODE_773_length_752_cov_2.152080	98.8	True	True
202	953	1	752	BB226_NZ_JAEQDM010000026.1	NODE_773_length_752_cov_2.152080	98.27	True	True
CONTIG	NODE_773_length_752_cov_2.152080	752	ambiguous
99956	100707	1	752	EC034_NZ_JAERJB010000006.1	NODE_774_length_752_cov_1.449067	98.4	True	True
10748	11499	752	1	EC031_NZ_JAERJC010000010.1	NODE_774_length_752_cov_1.449067	98.4	True	True
69450	70201	1	752	BB362_NZ_JAEQDL010000006.1	NODE_774_length_752_cov_1.449067	98.14	True	True
32623	33374	752	1	BB226_NZ_JAEQDM010000018.1	NODE_774_length_752_cov_1.449067	97.87	True	True
CONTIG	NODE_774_length_752_cov_1.449067	752	ambiguous
753	1389	1	637	CIP110549_fig_1392540.14.peg.2284	NODE_775_length_751_cov_2.992816	99.22		True
translocation
2	115	638	751	CIP110549_fig_1392540.14.peg.2283	NODE_775_length_751_cov_2.992816	100.0		True
CONTIG	NODE_775_length_751_cov_2.992816	751	misassembled
98169	98917	1	750	EC24_NZ_VTDO01000006.1	NODE_776_length_750_cov_1.929496	99.33	True	True
39181	39929	1	750	FNA3_NZ_VTDT01000014.1	NODE_776_length_750_cov_1.929496	98.93	True	True
39181	39929	1	750	FNA11_NZ_VTDS01000001.1	NODE_776_length_750_cov_1.929496	98.93	True	True
39181	39929	1	750	SCC474reference_NZ_VTDT01000014.1	NODE_776_length_750_cov_1.929496	98.93	True	True
CONTIG	NODE_776_length_750_cov_1.929496	750	ambiguous
468	1155	688	1	A39_fig_1219382.3.peg.2499	NODE_777_length_750_cov_1.730935	98.84		False
468	1155	688	1	CIP110549_fig_1392540.14.peg.2340	NODE_777_length_750_cov_1.730935	98.98		True
CONTIG	NODE_777_length_750_cov_1.730935	750	correct
85868	86616	749	1	EC031_NZ_JAERJC010000001.1	NODE_778_length_749_cov_3.259366	98.0	True	True
39948	40696	1	749	EC034_NZ_JAERJB010000005.1	NODE_778_length_749_cov_3.259366	98.0	True	True
22625	23372	1	749	BB226_NZ_JAEQDM010000006.1	NODE_778_length_749_cov_3.259366	97.86	True	True
CONTIG	NODE_778_length_749_cov_3.259366	749	ambiguous
510	1253	7	749	A39_fig_1219382.3.peg.1357	NODE_779_length_749_cov_2.466859	99.33	True	True
510	1253	7	749	CIP110549_fig_1392540.14.peg.667	NODE_779_length_749_cov_2.466859	98.39	True	True
CONTIG	NODE_779_length_749_cov_2.466859	749	ambiguous
251	999	749	1	CIP110549_fig_1392540.14.peg.163	NODE_780_length_749_cov_1.753602	99.47	True	True
251	999	749	1	A39_fig_1219382.3.peg.1297	NODE_780_length_749_cov_1.753602	99.33	True	True
22373	23121	1	749	BB226_NZ_JAEQDM010000020.1	NODE_780_length_749_cov_1.753602	98.66	True	True
CONTIG	NODE_780_length_749_cov_1.753602	749	ambiguous
2098	2844	747	1	EC034_NZ_JAERJB010000046.1	NODE_781_length_749_cov_1.596542	97.46	True	True
2098	2844	747	1	EC031_NZ_JAERJC010000035.1	NODE_781_length_749_cov_1.596542	97.46	True	True
CONTIG	NODE_781_length_749_cov_1.596542	749	ambiguous
1	673	673	1	CIP110549_fig_1392540.14.peg.2304	NODE_782_length_748_cov_2.461760	98.51		True
CONTIG	NODE_782_length_748_cov_2.461760	748	correct
16991	17733	6	748	BB226_NZ_JAEQDM010000014.1	NODE_783_length_748_cov_2.155844	98.92	True	True
117040	117782	748	6	EC034_NZ_JAERJB010000003.1	NODE_783_length_748_cov_2.155844	98.38	True	True
117032	117774	748	6	EC031_NZ_JAERJC010000007.1	NODE_783_length_748_cov_2.155844	98.38	True	True
63668	64410	748	6	BB362_NZ_JAEQDL010000005.1	NODE_783_length_748_cov_2.155844	98.12	True	True
CONTIG	NODE_783_length_748_cov_2.155844	748	ambiguous
54639	55386	1	748	EC031_NZ_JAERJC010000010.1	NODE_784_length_748_cov_2.043290	97.86	True	True
56069	56816	748	1	EC034_NZ_JAERJB010000006.1	NODE_784_length_748_cov_2.043290	97.86	True	True
15216	15963	1	748	BB226_NZ_JAEQDM010000001.1	NODE_784_length_748_cov_2.043290	96.93	True	True
CONTIG	NODE_784_length_748_cov_2.043290	748	ambiguous
513	1260	1	748	CIP110549_fig_1392540.14.peg.969	NODE_785_length_748_cov_1.505051	99.47	True	True
513	1260	1	748	A39_fig_1219382.3.peg.424	NODE_785_length_748_cov_1.505051	98.93	True	True
CONTIG	NODE_785_length_748_cov_1.505051	748	ambiguous
31398	32144	747	1	BB226_NZ_JAEQDM010000009.1	NODE_786_length_747_cov_2.345376	98.93	True	True
68167	68913	1	747	BB362_NZ_JAEQDL010000003.1	NODE_786_length_747_cov_2.345376	98.53	True	True
CONTIG	NODE_786_length_747_cov_2.345376	747	ambiguous
CONTIG	NODE_787_length_747_cov_0.966763	747	unaligned
8651	9395	746	1	BB226_NZ_JAEQDM010000015.1	NODE_788_length_746_cov_2.997106	97.72		True
CONTIG	NODE_788_length_746_cov_2.997106	746	correct
34979	35724	746	1	BB226_NZ_JAEQDM010000004.1	NODE_789_length_746_cov_2.277858	99.46	True	True
56136	56881	746	1	BB362_NZ_JAEQDL010000002.1	NODE_789_length_746_cov_2.277858	98.93	True	True
CONTIG	NODE_789_length_746_cov_2.277858	746	ambiguous
15232	15971	740	1	EC031_NZ_JAERJC010000017.1	NODE_790_length_746_cov_2.044863	96.76		True
CONTIG	NODE_790_length_746_cov_2.044863	746	correct
52814	53559	746	1	SCC474reference_NZ_VTDT01000014.1	NODE_791_length_746_cov_1.887120	98.79	True	True
52814	53559	746	1	FNA11_NZ_VTDS01000001.1	NODE_791_length_746_cov_1.887120	98.79	True	True
52814	53559	746	1	FNA3_NZ_VTDT01000014.1	NODE_791_length_746_cov_1.887120	98.79	True	True
111789	112534	746	1	EC24_NZ_VTDO01000006.1	NODE_791_length_746_cov_1.887120	98.39	True	True
CONTIG	NODE_791_length_746_cov_1.887120	746	ambiguous
414	1158	1	745	CIP110549_fig_1392540.14.peg.2253	NODE_792_length_745_cov_2.311594	99.87	True	True
1929	2673	1	745	EC031_NZ_JAERJC010000017.1	NODE_792_length_745_cov_2.311594	99.6	True	True
3808	4552	1	745	BB362_NZ_JAEQDL010000062.1	NODE_792_length_745_cov_2.311594	99.6	True	True
1929	2673	1	745	EC034_NZ_JAERJB010000033.1	NODE_792_length_745_cov_2.311594	99.6	True	True
8581	9325	1	745	BB226_NZ_JAEQDM010000044.1	NODE_792_length_745_cov_2.311594	98.93	True	True
CONTIG	NODE_792_length_745_cov_2.311594	745	ambiguous
43866	44610	745	1	BB226_NZ_JAEQDM010000012.1	NODE_793_length_745_cov_2.075362	99.33	True	True
43910	44654	745	1	EC031_NZ_JAERJC010000002.1	NODE_793_length_745_cov_2.075362	98.52	True	True
44090	44834	745	1	EC034_NZ_JAERJB010000012.1	NODE_793_length_745_cov_2.075362	98.52	True	True
CONTIG	NODE_793_length_745_cov_2.075362	745	ambiguous
9786	10530	1	745	BB362_NZ_JAEQDL010000043.1	NODE_794_length_745_cov_1.985507	97.85		True
CONTIG	NODE_794_length_745_cov_1.985507	745	correct
CONTIG	NODE_795_length_743_cov_2.543605	743	unaligned
100585	101324	740	1	BB226_NZ_JAEQDM010000007.1	NODE_796_length_743_cov_2.501453	99.46		True
CONTIG	NODE_796_length_743_cov_2.501453	743	correct
86739	87481	742	1	BB362_NZ_JAEQDL010000004.1	NODE_797_length_742_cov_1.660844	98.25	True	True
229355	230095	1	742	EC031_NZ_JAERJC010000001.1	NODE_797_length_742_cov_1.660844	98.12	True	True
12610	13350	1	742	EC034_NZ_JAERJB010000009.1	NODE_797_length_742_cov_1.660844	98.12	True	True
86544	87284	742	1	BB226_NZ_JAEQDM010000008.1	NODE_797_length_742_cov_1.660844	97.98	True	True
CONTIG	NODE_797_length_742_cov_1.660844	742	ambiguous
98684	99425	742	1	EC034_NZ_JAERJB010000008.1	NODE_798_length_742_cov_1.560408	99.6	True	True
107880	108621	742	1	EC031_NZ_JAERJC010000005.1	NODE_798_length_742_cov_1.560408	99.6	True	True
116632	117373	742	1	BB226_NZ_JAEQDM010000004.1	NODE_798_length_742_cov_1.560408	99.19	True	True
CONTIG	NODE_798_length_742_cov_1.560408	742	ambiguous
208	948	741	1	CIP110549_fig_1392540.14.peg.2233	NODE_799_length_741_cov_2.510204	100.0	True	True
82864	83604	1	741	BB226_NZ_JAEQDM010000010.1	NODE_799_length_741_cov_2.510204	99.33	True	True
208	948	741	1	A39_fig_1219382.3.peg.1750	NODE_799_length_741_cov_2.510204	99.19	True	True
CONTIG	NODE_799_length_741_cov_2.510204	741	ambiguous
14	740	16	741	CIP110549_fig_1392540.14.peg.2127	NODE_800_length_741_cov_2.293003	97.8		False
14	740	16	741	A39_fig_1219382.3.peg.1864	NODE_800_length_741_cov_2.293003	97.52		False
65060	65786	741	16	BB226_NZ_JAEQDM010000001.1	NODE_800_length_741_cov_2.293003	96.97		False
4961	5687	16	741	EC034_NZ_JAERJB010000006.1	NODE_800_length_741_cov_2.293003	96.97		False
105768	106494	741	16	EC031_NZ_JAERJC010000010.1	NODE_800_length_741_cov_2.293003	96.97		False
16537	17263	741	16	BB362_NZ_JAEQDL010000026.1	NODE_800_length_741_cov_2.293003	97.94		True
CONTIG	NODE_800_length_741_cov_2.293003	741	correct
2143	2883	741	1	BB362_NZ_JAEQDL010000055.1	NODE_801_length_741_cov_1.752187	98.92		True
CONTIG	NODE_801_length_741_cov_1.752187	741	correct
76	815	740	1	CIP110549_fig_1392540.14.peg.2326	NODE_802_length_740_cov_2.757664	100.0	True	True
17042	17781	740	1	BB226_NZ_JAEQDM010000022.1	NODE_802_length_740_cov_2.757664	99.59	True	True
CONTIG	NODE_802_length_740_cov_2.757664	740	ambiguous
250	987	1	738	CIP110549_fig_1392540.14.peg.1038	NODE_803_length_740_cov_1.738686	98.78	True	True
65062	65799	738	1	BB362_NZ_JAEQDL010000001.1	NODE_803_length_740_cov_1.738686	98.51	True	True
250	987	1	738	A39_fig_1219382.3.peg.355	NODE_803_length_740_cov_1.738686	98.1	True	True
CONTIG	NODE_803_length_740_cov_1.738686	740	ambiguous
56869	57608	740	1	BB226_NZ_JAEQDM010000004.1	NODE_804_length_740_cov_1.510949	99.19	True	True
77221	77961	740	1	BB362_NZ_JAEQDL010000002.1	NODE_804_length_740_cov_1.510949	98.25	True	True
CONTIG	NODE_804_length_740_cov_1.510949	740	ambiguous
24746	25483	739	1	BB226_NZ_JAEQDM010000021.1	NODE_805_length_739_cov_2.049708	99.59	True	True
98790	99528	1	739	EC031_NZ_JAERJC010000008.1	NODE_805_length_739_cov_2.049708	98.65	True	True
102108	102846	1	739	EC034_NZ_JAERJB010000004.1	NODE_805_length_739_cov_2.049708	98.65	True	True
CONTIG	NODE_805_length_739_cov_2.049708	739	ambiguous
14922	15660	739	1	BB362_NZ_JAEQDL010000019.1	NODE_806_length_739_cov_1.954678	99.59	True	True
15422	16160	739	1	EC034_NZ_JAERJB010000012.1	NODE_806_length_739_cov_1.954678	99.19	True	True
15242	15980	739	1	EC031_NZ_JAERJC010000002.1	NODE_806_length_739_cov_1.954678	99.19	True	True
15235	15973	739	1	BB226_NZ_JAEQDM010000012.1	NODE_806_length_739_cov_1.954678	98.78	True	True
CONTIG	NODE_806_length_739_cov_1.954678	739	ambiguous
38703	39440	1	738	BB226_NZ_JAEQDM010000012.1	NODE_807_length_738_cov_2.323572	98.37	True	True
38744	39481	1	738	EC031_NZ_JAERJC010000002.1	NODE_807_length_738_cov_2.323572	98.37	True	True
38924	39661	1	738	EC034_NZ_JAERJB010000012.1	NODE_807_length_738_cov_2.323572	98.37	True	True
42717	43454	738	1	BB362_NZ_JAEQDL010000013.1	NODE_807_length_738_cov_2.323572	98.24	True	True
357	1094	738	1	A39_fig_1219382.3.peg.450	NODE_807_length_738_cov_2.323572	98.24	True	True
357	1094	738	1	CIP110549_fig_1392540.14.peg.942	NODE_807_length_738_cov_2.323572	97.83	True	True
CONTIG	NODE_807_length_738_cov_2.323572	738	ambiguous
124177	124914	738	1	EC031_NZ_JAERJC010000006.1	NODE_808_length_738_cov_1.831625	97.29	True	True
21174	21911	738	1	BB362_NZ_JAEQDL010000033.1	NODE_808_length_738_cov_1.831625	97.29	True	True
32275	33012	1	738	EC034_NZ_JAERJB010000007.1	NODE_808_length_738_cov_1.831625	97.29	True	True
70806	71543	738	1	BB226_NZ_JAEQDM010000010.1	NODE_808_length_738_cov_1.831625	97.29	True	True
CONTIG	NODE_808_length_738_cov_1.831625	738	ambiguous
2758	3489	738	7	BB226_NZ_JAEQDM010000011.1	NODE_809_length_738_cov_1.756955	99.04		True
CONTIG	NODE_809_length_738_cov_1.756955	738	correct
13282	14018	1	737	BB226_NZ_JAEQDM010000024.1	NODE_810_length_737_cov_2.061584	99.19	True	True
15349	16085	1	737	EC034_NZ_JAERJB010000023.1	NODE_810_length_737_cov_2.061584	98.64	True	True
207372	208108	1	737	EC031_NZ_JAERJC010000002.1	NODE_810_length_737_cov_2.061584	98.64	True	True
CONTIG	NODE_810_length_737_cov_2.061584	737	ambiguous
31674	32409	1	736	BB226_NZ_JAEQDM010000008.1	NODE_811_length_736_cov_1.524229	99.18	True	True
750	1485	736	1	A39_fig_1219382.3.peg.748	NODE_811_length_736_cov_1.524229	98.78	True	True
750	1485	736	1	CIP110549_fig_1392540.14.peg.362	NODE_811_length_736_cov_1.524229	98.64	True	True
284220	284955	736	1	EC031_NZ_JAERJC010000001.1	NODE_811_length_736_cov_1.524229	98.51	True	True
67475	68210	736	1	EC034_NZ_JAERJB010000009.1	NODE_811_length_736_cov_1.524229	98.51	True	True
CONTIG	NODE_811_length_736_cov_1.524229	736	ambiguous
61879	62613	1	735	BB362_NZ_JAEQDL010000006.1	NODE_812_length_735_cov_1.536765	98.23	True	True
40476	41210	735	1	BB226_NZ_JAEQDM010000018.1	NODE_812_length_735_cov_1.536765	97.41	True	True
CONTIG	NODE_812_length_735_cov_1.536765	735	ambiguous
1162	1895	734	1	A39_fig_1219382.3.peg.787	NODE_813_length_735_cov_1.050000	98.09	True	True
30441	31174	1	734	BB362_NZ_JAEQDL010000020.1	NODE_813_length_735_cov_1.050000	97.68	True	True
1162	1895	734	1	CIP110549_fig_1392540.14.peg.401	NODE_813_length_735_cov_1.050000	97.68	True	True
28826	29559	1	734	EC034_NZ_JAERJB010000024.1	NODE_813_length_735_cov_1.050000	97.41	True	True
28826	29559	1	734	EC031_NZ_JAERJC010000019.1	NODE_813_length_735_cov_1.050000	97.41	True	True
CONTIG	NODE_813_length_735_cov_1.050000	735	ambiguous
50482	51214	733	1	EC034_NZ_JAERJB010000005.1	NODE_814_length_733_cov_3.073746	98.64	True	True
75350	76082	1	733	EC031_NZ_JAERJC010000001.1	NODE_814_length_733_cov_3.073746	98.64	True	True
33159	33891	733	1	BB226_NZ_JAEQDM010000006.1	NODE_814_length_733_cov_3.073746	98.36	True	True
CONTIG	NODE_814_length_733_cov_3.073746	733	ambiguous
3763	4495	1	733	BB226_NZ_JAEQDM010000025.1	NODE_815_length_733_cov_1.895280	99.18		True
CONTIG	NODE_815_length_733_cov_1.895280	733	correct
60457	61189	733	1	EC034_NZ_JAERJB010000002.1	NODE_816_length_733_cov_1.401180	98.09	True	True
51304	52036	1	733	EC031_NZ_JAERJC010000009.1	NODE_816_length_733_cov_1.401180	98.09	True	True
42823	43555	1	733	BB226_NZ_JAEQDM010000009.1	NODE_816_length_733_cov_1.401180	97.95	True	True
56757	57491	733	1	BB362_NZ_JAEQDL010000003.1	NODE_816_length_733_cov_1.401180	97.28	True	True
CONTIG	NODE_816_length_733_cov_1.401180	733	ambiguous
CONTIG	NODE_817_length_731_cov_9.618343	731	unaligned
CONTIG	NODE_818_length_731_cov_2.247041	731	unaligned
179271	180001	1	731	BB362_NZ_JAEQDL010000001.1	NODE_819_length_731_cov_1.840237	98.08		True
CONTIG	NODE_819_length_731_cov_1.840237	731	correct
129563	130294	731	1	BB362_NZ_JAEQDL010000003.1	NODE_820_length_731_cov_1.818047	97.54	True	True
10301	11027	1	731	BB226_NZ_JAEQDM010000023.1	NODE_820_length_731_cov_1.818047	97.27	True	True
10082	10811	1	729	EC031_NZ_JAERJC010000020.1	NODE_820_length_731_cov_1.818047	97.4	True	True
134001	134730	729	1	EC034_NZ_JAERJB010000002.1	NODE_820_length_731_cov_1.818047	97.4	True	True
CONTIG	NODE_820_length_731_cov_1.818047	731	ambiguous
CONTIG	NODE_821_length_731_cov_1.698225	731	unaligned
67042	67772	1	731	BB226_NZ_JAEQDM010000014.1	NODE_822_length_731_cov_1.609467	97.67		True
CONTIG	NODE_822_length_731_cov_1.609467	731	correct
17599	18299	730	1	EC031_NZ_JAERJC010000021.1	NODE_823_length_730_cov_2.463704	93.7	True	True
17599	18299	730	1	EC034_NZ_JAERJB010000034.1	NODE_823_length_730_cov_2.463704	93.7	True	True
CONTIG	NODE_823_length_730_cov_2.463704	730	ambiguous
1179	1908	730	1	CIP110549_fig_1392540.14.peg.2440	NODE_824_length_730_cov_1.263704	98.9	True	True
6242	6971	1	730	BB226_NZ_JAEQDM010000048.1	NODE_824_length_730_cov_1.263704	98.22	True	True
CONTIG	NODE_824_length_730_cov_1.263704	730	ambiguous
7	734	1	728	A39_fig_1219382.3.peg.2289	NODE_825_length_729_cov_2.623145	99.45	True	True
2924	3651	1	728	BB362_NZ_JAEQDL010000023.1	NODE_825_length_729_cov_2.623145	99.18	True	True
CONTIG	NODE_825_length_729_cov_2.623145	729	ambiguous
37345	38070	728	3	BB226_NZ_JAEQDM010000005.1	NODE_826_length_728_cov_2.716196	97.11		True
CONTIG	NODE_826_length_728_cov_2.716196	728	correct
76957	77684	1	728	BB226_NZ_JAEQDM010000012.1	NODE_827_length_728_cov_1.542348	99.31	True	True
75585	76308	5	728	EC031_NZ_JAERJC010000002.1	NODE_827_length_728_cov_1.542348	99.17	True	True
75765	76488	5	728	EC034_NZ_JAERJB010000012.1	NODE_827_length_728_cov_1.542348	99.17	True	True
278	1001	728	5	CIP110549_fig_1392540.14.peg.978	NODE_827_length_728_cov_1.542348	98.9	True	True
CONTIG	NODE_827_length_728_cov_1.542348	728	ambiguous
6468	7194	1	727	BB226_NZ_JAEQDM010000023.1	NODE_828_length_727_cov_2.196429	98.76	True	True
355	1081	1	727	CIP110549_fig_1392540.14.peg.1682	NODE_828_length_727_cov_2.196429	98.76	True	True
355	1081	1	727	A39_fig_1219382.3.peg.838	NODE_828_length_727_cov_2.196429	98.62	True	True
133401	134127	727	1	BB362_NZ_JAEQDL010000003.1	NODE_828_length_727_cov_2.196429	98.21	True	True
CONTIG	NODE_828_length_727_cov_2.196429	727	ambiguous
91363	92088	726	1	BB226_NZ_JAEQDM010000002.1	NODE_829_length_727_cov_1.967262	98.21		True
CONTIG	NODE_829_length_727_cov_1.967262	727	correct
76146	76878	726	1	EC034_NZ_JAERJB010000003.1	NODE_830_length_726_cov_2.225037	97.41	True	True
76138	76870	726	1	EC031_NZ_JAERJC010000007.1	NODE_830_length_726_cov_2.225037	97.41	True	True
CONTIG	NODE_830_length_726_cov_2.225037	726	ambiguous
1193	1918	1	726	A39_fig_1219382.3.peg.381	NODE_831_length_726_cov_1.994039	99.59	True	True
34988	35713	726	1	BB362_NZ_JAEQDL010000001.1	NODE_831_length_726_cov_1.994039	99.31	True	True
32160	32885	726	1	BB226_NZ_JAEQDM010000011.1	NODE_831_length_726_cov_1.994039	99.17	True	True
1193	1918	1	726	CIP110549_fig_1392540.14.peg.1012	NODE_831_length_726_cov_1.994039	98.9	True	True
CONTIG	NODE_831_length_726_cov_1.994039	726	ambiguous
2850	3544	726	29	SCC477_NZ_VTDQ01000025.1	NODE_832_length_726_cov_1.467958	94.7		False
55543	56237	29	726	BB362_NZ_JAEQDL010000010.1	NODE_832_length_726_cov_1.467958	95.56		True
CONTIG	NODE_832_length_726_cov_1.467958	726	correct
CONTIG	NODE_833_length_725_cov_5.367164	725	unaligned
3252	3976	1	725	BB362_NZ_JAEQDL010000063.1	NODE_834_length_725_cov_2.313433	98.34	True	True
218517	219240	724	1	EC031_NZ_JAERJC010000001.1	NODE_834_length_725_cov_2.313433	98.2	True	True
1772	2495	724	1	EC034_NZ_JAERJB010000009.1	NODE_834_length_725_cov_2.313433	98.2	True	True
CONTIG	NODE_834_length_725_cov_2.313433	725	ambiguous
242146	242870	725	1	EC031_NZ_JAERJC010000001.1	NODE_835_length_725_cov_2.108955	98.76	True	True
25401	26125	725	1	EC034_NZ_JAERJB010000009.1	NODE_835_length_725_cov_2.108955	98.76	True	True
73768	74492	1	725	BB226_NZ_JAEQDM010000008.1	NODE_835_length_725_cov_2.108955	98.62	True	True
73920	74644	1	725	BB362_NZ_JAEQDL010000004.1	NODE_835_length_725_cov_2.108955	98.07	True	True
CONTIG	NODE_835_length_725_cov_2.108955	725	ambiguous
90238	90962	1	725	BB226_NZ_JAEQDM010000005.1	NODE_836_length_725_cov_2.092537	99.03	True	True
72304	73028	1	725	EC031_NZ_JAERJC010000004.1	NODE_836_length_725_cov_2.092537	98.9	True	True
38360	39084	725	1	EC034_NZ_JAERJB010000013.1	NODE_836_length_725_cov_2.092537	98.9	True	True
33783	34507	1	725	BB362_NZ_JAEQDL010000023.1	NODE_836_length_725_cov_2.092537	98.48	True	True
CONTIG	NODE_836_length_725_cov_2.092537	725	ambiguous
39320	40007	1	688	BB226_NZ_JAEQDM010000022.1	NODE_837_length_725_cov_1.688060	96.66		True
CONTIG	NODE_837_length_725_cov_1.688060	725	correct
28848	29571	724	1	BB226_NZ_JAEQDM010000012.1	NODE_838_length_724_cov_3.394619	99.72	True	True
27920	28643	724	1	BB362_NZ_JAEQDL010000019.1	NODE_838_length_724_cov_3.394619	99.17	True	True
28888	29611	724	1	EC031_NZ_JAERJC010000002.1	NODE_838_length_724_cov_3.394619	98.76	True	True
29068	29791	724	1	EC034_NZ_JAERJB010000012.1	NODE_838_length_724_cov_3.394619	98.76	True	True
CONTIG	NODE_838_length_724_cov_3.394619	724	ambiguous
6361	7075	715	1	BB226_NZ_JAEQDM010000026.1	NODE_839_length_724_cov_2.455904	96.78	True	True
19552	20266	1	715	BB362_NZ_JAEQDL010000032.1	NODE_839_length_724_cov_2.455904	96.22	True	True
77544	78258	1	715	EC034_NZ_JAERJB010000011.1	NODE_839_length_724_cov_2.455904	96.08	True	True
6123	6837	715	1	EC031_NZ_JAERJC010000012.1	NODE_839_length_724_cov_2.455904	96.08	True	True
CONTIG	NODE_839_length_724_cov_2.455904	724	ambiguous
5648	6083	439	4	BB362_NZ_JAEQDL010000050.1	NODE_840_length_724_cov_2.230194	97.02		True
CONTIG	NODE_840_length_724_cov_2.230194	724	correct
7	534	1	528	CIP110549_fig_1392540.14.peg.240	NODE_841_length_724_cov_2.143498	97.16		True
interspecies translocation
40774	40897	598	724	BB362_NZ_JAEQDL010000014.1	NODE_841_length_724_cov_2.143498	92.91		True
CONTIG	NODE_841_length_724_cov_2.143498	724	misassembled
99923	100647	1	724	BB362_NZ_JAEQDL010000001.1	NODE_842_length_724_cov_1.569507	97.93	True	True
19972	20696	1	724	BB226_NZ_JAEQDM010000024.1	NODE_842_length_724_cov_1.569507	97.93	True	True
214056	214780	1	724	EC031_NZ_JAERJC010000002.1	NODE_842_length_724_cov_1.569507	97.38	True	True
22033	22757	1	724	EC034_NZ_JAERJB010000023.1	NODE_842_length_724_cov_1.569507	97.38	True	True
CONTIG	NODE_842_length_724_cov_1.569507	724	ambiguous
30296	31015	723	4	BB362_NZ_JAEQDL010000005.1	NODE_843_length_723_cov_1.796407	99.17	True	True
138	860	723	1	A39_fig_1219382.3.peg.1211	NODE_843_length_723_cov_1.796407	98.06	True	True
50429	51151	1	723	BB226_NZ_JAEQDM010000014.1	NODE_843_length_723_cov_1.796407	97.79	True	True
CONTIG	NODE_843_length_723_cov_1.796407	723	ambiguous
223	947	723	1	A39_fig_1219382.3.peg.2176	NODE_844_length_723_cov_1.601796	98.48	True	True
223	947	723	1	CIP110549_fig_1392540.14.peg.1822	NODE_844_length_723_cov_1.601796	98.48	True	True
160172	160896	723	1	EC031_NZ_JAERJC010000004.1	NODE_844_length_723_cov_1.601796	97.66	True	True
51661	52385	1	723	EC034_NZ_JAERJB010000015.1	NODE_844_length_723_cov_1.601796	97.66	True	True
CONTIG	NODE_844_length_723_cov_1.601796	723	ambiguous
1	722	722	1	A39_fig_1219382.3.peg.1785	NODE_845_length_722_cov_2.151424	98.89	True	True
1	716	722	7	CIP110549_fig_1392540.14.peg.2198	NODE_845_length_722_cov_2.151424	99.58	True	True
CONTIG	NODE_845_length_722_cov_2.151424	722	ambiguous
23499	24215	717	1	BB362_NZ_JAEQDL010000018.1	NODE_846_length_722_cov_1.866567	98.88		True
CONTIG	NODE_846_length_722_cov_1.866567	722	correct
62969	63690	1	722	EC031_NZ_JAERJC010000011.1	NODE_847_length_722_cov_1.404798	96.4	True	True
50398	51119	1	722	EC034_NZ_JAERJB010000014.1	NODE_847_length_722_cov_1.404798	96.4	True	True
135027	135747	1	722	BB226_NZ_JAEQDM010000001.1	NODE_847_length_722_cov_1.404798	96.12	True	True
CONTIG	NODE_847_length_722_cov_1.404798	722	ambiguous
CONTIG	NODE_848_length_722_cov_1.197901	722	unaligned
56826	57546	1	721	BB226_NZ_JAEQDM010000019.1	NODE_849_length_721_cov_1.867868	96.81	True	True
17695	18416	1	721	BB362_NZ_JAEQDL010000002.1	NODE_849_length_721_cov_1.867868	96.68	True	True
CONTIG	NODE_849_length_721_cov_1.867868	721	ambiguous
23544	24263	1	720	BB362_NZ_JAEQDL010000007.1	NODE_850_length_720_cov_3.870677	98.61	True	True
91653	92372	1	720	EC031_NZ_JAERJC010000001.1	NODE_850_length_720_cov_3.870677	98.19	True	True
34192	34911	720	1	EC034_NZ_JAERJB010000005.1	NODE_850_length_720_cov_3.870677	98.19	True	True
16876	17595	720	1	BB226_NZ_JAEQDM010000006.1	NODE_850_length_720_cov_3.870677	97.78	True	True
CONTIG	NODE_850_length_720_cov_3.870677	720	ambiguous
37923	38641	720	2	BB226_NZ_JAEQDM010000022.1	NODE_851_length_720_cov_2.592481	96.94		True
CONTIG	NODE_851_length_720_cov_2.592481	720	correct
13690	14409	1	720	BB226_NZ_JAEQDM010000004.1	NODE_852_length_720_cov_2.106767	99.44	True	True
4708	5427	1	720	EC034_NZ_JAERJB010000008.1	NODE_852_length_720_cov_2.106767	99.31	True	True
13904	14623	1	720	EC031_NZ_JAERJC010000005.1	NODE_852_length_720_cov_2.106767	99.31	True	True
34368	35087	1	720	BB362_NZ_JAEQDL010000002.1	NODE_852_length_720_cov_2.106767	99.17	True	True
CONTIG	NODE_852_length_720_cov_2.106767	720	ambiguous
148137	148857	1	720	EC031_NZ_JAERJC010000006.1	NODE_853_length_720_cov_1.998496	98.2	True	True
8332	9052	720	1	EC034_NZ_JAERJB010000007.1	NODE_853_length_720_cov_1.998496	98.2	True	True
3928	4646	1	718	BB226_NZ_JAEQDM010000043.1	NODE_853_length_720_cov_1.998496	98.05	True	True
19344	20064	1	720	BB362_NZ_JAEQDL010000028.1	NODE_853_length_720_cov_1.998496	97.5	True	True
CONTIG	NODE_853_length_720_cov_1.998496	720	ambiguous
5535	6253	1	719	EC034_NZ_JAERJB010000028.1	NODE_854_length_719_cov_2.828313	98.05	True	True
5470	6188	1	719	BB226_NZ_JAEQDM010000005.1	NODE_854_length_719_cov_2.828313	98.05	True	True
5535	6253	1	719	EC031_NZ_JAERJC010000004.1	NODE_854_length_719_cov_2.828313	98.05	True	True
CONTIG	NODE_854_length_719_cov_2.828313	719	ambiguous
10845	11563	719	1	BB362_NZ_JAEQDL010000003.1	NODE_855_length_719_cov_1.025602	98.75		True
CONTIG	NODE_855_length_719_cov_1.025602	719	correct
126153	126861	1	708	EC034_NZ_JAERJB010000001.1	NODE_856_length_718_cov_2.197587	94.36		False
13176	13884	1	708	BB362_NZ_JAEQDL010000027.1	NODE_856_length_718_cov_2.197587	93.79		False
65509	66217	708	1	EC031_NZ_JAERJC010000003.1	NODE_856_length_718_cov_2.197587	94.36		True
CONTIG	NODE_856_length_718_cov_2.197587	718	correct
18567	19297	1	718	BB226_NZ_JAEQDM010000025.1	NODE_857_length_718_cov_1.817496	97.4		True
CONTIG	NODE_857_length_718_cov_1.817496	718	correct
28022	28322	301	1	BB226_NZ_JAEQDM010000022.1	NODE_858_length_718_cov_1.645551	95.02		True
indel: indel (> 5bp)
27811	28021	640	430	BB226_NZ_JAEQDM010000022.1	NODE_858_length_718_cov_1.645551	97.63		True
CONTIG	NODE_858_length_718_cov_1.645551	718	correct
3225	3878	654	1	BB226_NZ_JAEQDM010000012.1	NODE_859_length_718_cov_1.273002	98.78		True
CONTIG	NODE_859_length_718_cov_1.273002	718	correct
138195	138913	718	1	BB362_NZ_JAEQDL010000001.1	NODE_860_length_718_cov_1.206637	97.91	True	True
330	1048	1	718	CIP110549_fig_1392540.14.peg.1137	NODE_860_length_718_cov_1.206637	97.36	True	True
CONTIG	NODE_860_length_718_cov_1.206637	718	ambiguous
523	713	214	24	A39_fig_1219382.3.peg.2442	NODE_861_length_717_cov_1.717523	94.24		True
CONTIG	NODE_861_length_717_cov_1.717523	717	correct_unaligned
15862	16487	617	1	BB226_NZ_JAEQDM010000022.1	NODE_862_length_717_cov_1.658610	92.03		True
CONTIG	NODE_862_length_717_cov_1.658610	717	correct
403	1113	7	716	CIP110549_fig_1392540.14.peg.1696	NODE_863_length_716_cov_1.925870	99.3	True	True
32226	32936	716	7	BB362_NZ_JAEQDL010000017.1	NODE_863_length_716_cov_1.925870	99.16	True	True
125298	126008	716	7	BB226_NZ_JAEQDM010000003.1	NODE_863_length_716_cov_1.925870	98.87	True	True
403	1113	7	716	A39_fig_1219382.3.peg.2052	NODE_863_length_716_cov_1.925870	98.59	True	True
CONTIG	NODE_863_length_716_cov_1.925870	716	ambiguous
54076	54791	1	716	BB226_NZ_JAEQDM010000006.1	NODE_864_length_716_cov_1.384266	99.72		True
CONTIG	NODE_864_length_716_cov_1.384266	716	correct
1344	2051	1	714	CIP110549_fig_1392540.14.peg.124	NODE_865_length_715_cov_2.693939	98.6	True	True
11567	12274	714	1	BB226_NZ_JAEQDM010000010.1	NODE_865_length_715_cov_2.693939	98.18	True	True
1344	2051	1	714	A39_fig_1219382.3.peg.2395	NODE_865_length_715_cov_2.693939	98.18	True	True
67279	67986	714	1	EC031_NZ_JAERJC010000006.1	NODE_865_length_715_cov_2.693939	98.18	True	True
89203	89910	1	714	EC034_NZ_JAERJB010000007.1	NODE_865_length_715_cov_2.693939	98.18	True	True
15813	16520	714	1	BB362_NZ_JAEQDL010000029.1	NODE_865_length_715_cov_2.693939	97.9	True	True
CONTIG	NODE_865_length_715_cov_2.693939	715	ambiguous
10303	11017	715	1	BB226_NZ_JAEQDM010000037.1	NODE_866_length_715_cov_2.133333	99.58	True	True
91655	92369	1	715	BB362_NZ_JAEQDL010000003.1	NODE_866_length_715_cov_2.133333	99.16	True	True
95073	95787	1	715	EC034_NZ_JAERJB010000002.1	NODE_866_length_715_cov_2.133333	98.88	True	True
16706	17420	715	1	EC031_NZ_JAERJC010000009.1	NODE_866_length_715_cov_2.133333	98.88	True	True
CONTIG	NODE_866_length_715_cov_2.133333	715	ambiguous
126576	127287	1	712	BB362_NZ_JAEQDL010000002.1	NODE_867_length_715_cov_1.292424	97.05		True
CONTIG	NODE_867_length_715_cov_1.292424	715	correct
28778	29485	708	1	BB226_NZ_JAEQDM010000009.1	NODE_868_length_714_cov_2.596358	99.44	True	True
70826	71533	1	708	BB362_NZ_JAEQDL010000003.1	NODE_868_length_714_cov_2.596358	99.44	True	True
74524	75231	1	708	EC034_NZ_JAERJB010000002.1	NODE_868_length_714_cov_2.596358	98.87	True	True
37262	37969	708	1	EC031_NZ_JAERJC010000009.1	NODE_868_length_714_cov_2.596358	98.87	True	True
CONTIG	NODE_868_length_714_cov_2.596358	714	ambiguous
CONTIG	NODE_869_length_714_cov_2.382398	714	unaligned
421	1134	714	1	CIP110549_fig_1392540.14.peg.1372	NODE_870_length_714_cov_2.172989	98.88	True	True
57435	58146	1	714	BB226_NZ_JAEQDM010000019.1	NODE_870_length_714_cov_2.172989	98.46	True	True
18305	19018	1	714	BB362_NZ_JAEQDL010000002.1	NODE_870_length_714_cov_2.172989	98.18	True	True
CONTIG	NODE_870_length_714_cov_2.172989	714	ambiguous
6573	7286	1	714	BB226_NZ_JAEQDM010000001.1	NODE_871_length_714_cov_1.963581	99.16	True	True
46003	46716	1	714	EC031_NZ_JAERJC010000010.1	NODE_871_length_714_cov_1.963581	98.74	True	True
64739	65452	714	1	EC034_NZ_JAERJB010000006.1	NODE_871_length_714_cov_1.963581	98.74	True	True
CONTIG	NODE_871_length_714_cov_1.963581	714	ambiguous
2969	3678	714	23	CIP110549_fig_1392540.14.peg.2396	NODE_872_length_714_cov_1.845220	91.98		True
CONTIG	NODE_872_length_714_cov_1.845220	714	correct
3299	4012	1	714	BB362_NZ_JAEQDL010000028.1	NODE_873_length_714_cov_1.772382	98.32	True	True
24382	25095	714	1	EC034_NZ_JAERJB010000007.1	NODE_873_length_714_cov_1.772382	97.76	True	True
132094	132807	1	714	EC031_NZ_JAERJC010000006.1	NODE_873_length_714_cov_1.772382	97.76	True	True
78864	79577	1	714	BB226_NZ_JAEQDM010000010.1	NODE_873_length_714_cov_1.772382	97.34	True	True
CONTIG	NODE_873_length_714_cov_1.772382	714	ambiguous
954	1664	714	4	A39_fig_1219382.3.peg.1441	NODE_874_length_714_cov_1.587253	97.47	True	True
954	1667	714	1	CIP110549_fig_1392540.14.peg.647	NODE_874_length_714_cov_1.587253	96.78	True	True
10629	11337	1	709	EC031_NZ_JAERJC010000003.1	NODE_874_length_714_cov_1.587253	97.18	True	True
181033	181741	709	1	EC034_NZ_JAERJB010000001.1	NODE_874_length_714_cov_1.587253	97.18	True	True
CONTIG	NODE_874_length_714_cov_1.587253	714	ambiguous
323	891	1	569	A39_fig_1219382.3.peg.1472	NODE_875_length_714_cov_1.500759	98.59		False
833	930	714	617	A39_fig_1219382.3.peg.1473	NODE_875_length_714_cov_1.500759	100.0		False
323	891	1	569	CIP110549_fig_1392540.14.peg.612	NODE_875_length_714_cov_1.500759	98.77		True
translocation
833	930	714	617	CIP110549_fig_1392540.14.peg.611	NODE_875_length_714_cov_1.500759	100.0		True
CONTIG	NODE_875_length_714_cov_1.500759	714	misassembled
CONTIG	NODE_876_length_713_cov_2.734043	713	unaligned
47439	48148	1	710	BB226_NZ_JAEQDM010000016.1	NODE_877_length_713_cov_1.813070	98.87	True	True
12751	13463	713	1	BB362_NZ_JAEQDL010000014.1	NODE_877_length_713_cov_1.813070	98.32	True	True
59647	60356	1	710	EC034_NZ_JAERJB010000010.1	NODE_877_length_713_cov_1.813070	98.17	True	True
154821	155530	710	1	EC031_NZ_JAERJC010000001.1	NODE_877_length_713_cov_1.813070	98.17	True	True
CONTIG	NODE_877_length_713_cov_1.813070	713	ambiguous
CONTIG	NODE_878_length_713_cov_1.744681	713	unaligned
38703	39415	713	1	EC034_NZ_JAERJB010000019.1	NODE_879_length_713_cov_1.661094	98.18	True	True
99803	100515	1	713	EC031_NZ_JAERJC010000002.1	NODE_879_length_713_cov_1.661094	98.18	True	True
18987	19699	1	713	BB362_NZ_JAEQDL010000001.1	NODE_879_length_713_cov_1.661094	97.34	True	True
CONTIG	NODE_879_length_713_cov_1.661094	713	ambiguous
376	1088	1	713	CIP110549_fig_1392540.14.peg.1338	NODE_880_length_713_cov_1.630699	99.3	True	True
376	1088	1	713	A39_fig_1219382.3.peg.1166	NODE_880_length_713_cov_1.630699	99.3	True	True
CONTIG	NODE_880_length_713_cov_1.630699	713	ambiguous
11470	12181	712	1	BB362_NZ_JAEQDL010000026.1	NODE_881_length_712_cov_1.792998	98.6	True	True
59997	60708	712	1	BB226_NZ_JAEQDM010000001.1	NODE_881_length_712_cov_1.792998	98.46	True	True
100703	101414	712	1	EC031_NZ_JAERJC010000010.1	NODE_881_length_712_cov_1.792998	97.89	True	True
10041	10752	1	712	EC034_NZ_JAERJB010000006.1	NODE_881_length_712_cov_1.792998	97.89	True	True
CONTIG	NODE_881_length_712_cov_1.792998	712	ambiguous
CONTIG	NODE_882_length_711_cov_3.236280	711	unaligned
CONTIG	NODE_883_length_711_cov_2.562500	711	unaligned
25519	26229	1	711	BB226_NZ_JAEQDM010000018.1	NODE_884_length_711_cov_2.236280	98.73	True	True
1371	2081	711	1	A39_fig_1219382.3.peg.1975	NODE_884_length_711_cov_2.236280	98.59	True	True
1371	2081	711	1	CIP110549_fig_1392540.14.peg.2027	NODE_884_length_711_cov_2.236280	98.45	True	True
76591	77301	711	1	BB362_NZ_JAEQDL010000006.1	NODE_884_length_711_cov_2.236280	98.31	True	True
107089	107799	711	1	EC034_NZ_JAERJB010000006.1	NODE_884_length_711_cov_2.236280	98.03	True	True
3656	4366	1	711	EC031_NZ_JAERJC010000010.1	NODE_884_length_711_cov_2.236280	98.03	True	True
CONTIG	NODE_884_length_711_cov_2.236280	711	ambiguous
7102	7796	5	699	EC034_NZ_JAERJB010000006.1	NODE_885_length_710_cov_2.896183	96.69		False
103659	104353	699	5	EC031_NZ_JAERJC010000010.1	NODE_885_length_710_cov_2.896183	96.69		False
14427	15126	699	1	BB362_NZ_JAEQDL010000026.1	NODE_885_length_710_cov_2.896183	96.43		True
CONTIG	NODE_885_length_710_cov_2.896183	710	correct
53720	54429	1	710	EC031_NZ_JAERJC010000011.1	NODE_886_length_710_cov_2.074809	97.75	True	True
41149	41858	1	710	EC034_NZ_JAERJB010000014.1	NODE_886_length_710_cov_2.074809	97.75	True	True
701	1407	710	1	CIP110549_fig_1392540.14.peg.2180	NODE_886_length_710_cov_2.074809	97.46	True	True
701	1410	710	1	A39_fig_1219382.3.peg.1803	NODE_886_length_710_cov_2.074809	97.46	True	True
1052	1758	1	710	BB362_NZ_JAEQDL010000034.1	NODE_886_length_710_cov_2.074809	97.18	True	True
CONTIG	NODE_886_length_710_cov_2.074809	710	ambiguous
24298	25007	710	1	FNA11_NZ_VTDS01000023.1	NODE_887_length_710_cov_1.561832	99.01	True	True
1984	2693	1	710	FNA3_NZ_VTDT01000029.1	NODE_887_length_710_cov_1.561832	99.01	True	True
1984	2693	1	710	SCC474reference_NZ_VTDT01000029.1	NODE_887_length_710_cov_1.561832	99.01	True	True
1984	2693	1	710	SCC477_NZ_VTDQ01000030.1	NODE_887_length_710_cov_1.561832	98.17	True	True
CONTIG	NODE_887_length_710_cov_1.561832	710	ambiguous
23071	23778	708	1	BB362_NZ_JAEQDL010000003.1	NODE_888_length_709_cov_1.857798	97.6	True	True
1272	1979	1	708	A39_fig_1219382.3.peg.972	NODE_888_length_709_cov_1.857798	97.32	True	True
1289	1979	18	708	CIP110549_fig_1392540.14.peg.1561	NODE_888_length_709_cov_1.857798	99.71	True	True
CONTIG	NODE_888_length_709_cov_1.857798	709	ambiguous
59	313	255	1	NIPH706_fig_1217716.5.peg.3270	NODE_889_length_708_cov_2.026034	92.16		False
59	313	255	1	NIPH706_fig_1217716.5.peg.3466	NODE_889_length_708_cov_2.026034	92.16		False
59	313	255	1	NIPH706_fig_1217716.5.peg.3329	NODE_889_length_708_cov_2.026034	92.16		False
59	313	255	1	NIPH706_fig_1217716.5.peg.1255	NODE_889_length_708_cov_2.026034	92.16		True
CONTIG	NODE_889_length_708_cov_2.026034	708	correct
103753	104460	708	1	BB226_NZ_JAEQDM010000001.1	NODE_890_length_708_cov_1.758040	98.16	True	True
598	1305	1	708	BB362_NZ_JAEQDL010000049.1	NODE_890_length_708_cov_1.758040	97.18	True	True
CONTIG	NODE_890_length_708_cov_1.758040	708	ambiguous
47717	48424	1	708	BB362_NZ_JAEQDL010000011.1	NODE_891_length_708_cov_1.699847	99.01	True	True
190387	191094	1	708	EC031_NZ_JAERJC010000004.1	NODE_891_length_708_cov_1.699847	98.73	True	True
21463	22170	708	1	EC034_NZ_JAERJB010000015.1	NODE_891_length_708_cov_1.699847	98.73	True	True
42057	42764	1	708	BB226_NZ_JAEQDM010000003.1	NODE_891_length_708_cov_1.699847	98.31	True	True
CONTIG	NODE_891_length_708_cov_1.699847	708	ambiguous
125222	125928	1	707	EC031_NZ_JAERJC010000007.1	NODE_892_length_707_cov_2.596626	99.43	True	True
125230	125936	1	707	EC034_NZ_JAERJB010000003.1	NODE_892_length_707_cov_2.596626	99.43	True	True
71857	72563	1	707	BB362_NZ_JAEQDL010000005.1	NODE_892_length_707_cov_2.596626	99.29	True	True
8838	9544	707	1	BB226_NZ_JAEQDM010000014.1	NODE_892_length_707_cov_2.596626	99.01	True	True
CONTIG	NODE_892_length_707_cov_2.596626	707	ambiguous
CONTIG	NODE_893_length_707_cov_2.340491	707	unaligned
6017	6723	1	707	BB362_NZ_JAEQDL010000039.1	NODE_894_length_707_cov_1.803681	98.73	True	True
11499	12205	707	1	BB226_NZ_JAEQDM010000021.1	NODE_894_length_707_cov_1.803681	98.44	True	True
CONTIG	NODE_894_length_707_cov_1.803681	707	ambiguous
18048	18754	707	1	BB226_NZ_JAEQDM010000026.1	NODE_895_length_707_cov_1.786810	98.16		True
CONTIG	NODE_895_length_707_cov_1.786810	707	correct
CONTIG	NODE_896_length_707_cov_1.026074	707	unaligned
69336	70037	702	1	BB226_NZ_JAEQDM010000003.1	NODE_897_length_706_cov_1.761905	99.0	True	True
217671	218372	702	1	EC031_NZ_JAERJC010000004.1	NODE_897_length_706_cov_1.761905	98.86	True	True
8151	8852	1	702	EC034_NZ_JAERJB010000039.1	NODE_897_length_706_cov_1.761905	98.86	True	True
CONTIG	NODE_897_length_706_cov_1.761905	706	ambiguous
26453	27157	705	1	BB226_NZ_JAEQDM010000014.1	NODE_898_length_705_cov_3.110769	98.01	True	True
154	858	1	705	CIP110549_fig_1392540.14.peg.1268	NODE_898_length_705_cov_3.110769	97.87	True	True
154	858	1	705	A39_fig_1219382.3.peg.1236	NODE_898_length_705_cov_3.110769	97.87	True	True
CONTIG	NODE_898_length_705_cov_3.110769	705	ambiguous
43321	44025	1	705	BB362_NZ_JAEQDL010000009.1	NODE_899_length_705_cov_2.584615	99.86	True	True
52192	52896	1	705	EC034_NZ_JAERJB010000016.1	NODE_899_length_705_cov_2.584615	99.72	True	True
52192	52896	1	705	EC031_NZ_JAERJC010000013.1	NODE_899_length_705_cov_2.584615	99.72	True	True
60588	61293	1	705	BB226_NZ_JAEQDM010000017.1	NODE_899_length_705_cov_2.584615	99.58	True	True
CONTIG	NODE_899_length_705_cov_2.584615	705	ambiguous
474	1178	1	705	CIP110549_fig_1392540.14.peg.1600	NODE_900_length_705_cov_1.500000	99.29		True
CONTIG	NODE_900_length_705_cov_1.500000	705	correct
33	736	704	1	CIP110549_fig_1392540.14.peg.2431	NODE_901_length_704_cov_2.711864	98.01	True	True
34330	35033	1	704	EC034_NZ_JAERJB010000017.1	NODE_901_length_704_cov_2.711864	98.01	True	True
20518	21221	704	1	EC031_NZ_JAERJC010000015.1	NODE_901_length_704_cov_2.711864	98.01	True	True
27915	28618	704	1	B5B_NZ_VTDL01000027.1	NODE_901_length_704_cov_2.711864	97.87	True	True
33	736	704	1	A39_fig_1219382.3.peg.2521	NODE_901_length_704_cov_2.711864	97.87	True	True
CONTIG	NODE_901_length_704_cov_2.711864	704	ambiguous
381	1084	1	703	CIP110549_fig_1392540.14.peg.1924	NODE_902_length_704_cov_1.956857	97.59		True
CONTIG	NODE_902_length_704_cov_1.956857	704	correct
CONTIG	NODE_903_length_704_cov_1.323575	704	unaligned
23093	23795	1	703	BB362_NZ_JAEQDL010000008.1	NODE_904_length_703_cov_2.402778	99.15	True	True
88166	88867	703	1	EC034_NZ_JAERJB010000001.1	NODE_904_length_703_cov_2.402778	98.29	True	True
103503	104204	1	703	EC031_NZ_JAERJC010000003.1	NODE_904_length_703_cov_2.402778	98.29	True	True
CONTIG	NODE_904_length_703_cov_2.402778	703	ambiguous
2444	3143	700	1	BB226_NZ_JAEQDM010000008.1	NODE_905_length_703_cov_1.819444	98.43		True
CONTIG	NODE_905_length_703_cov_1.819444	703	correct
2572	3274	703	1	CIP110549_fig_1392540.14.peg.1392	NODE_906_length_703_cov_1.807099	99.0	True	True
2572	3274	703	1	A39_fig_1219382.3.peg.1113	NODE_906_length_703_cov_1.807099	98.58	True	True
CONTIG	NODE_906_length_703_cov_1.807099	703	ambiguous
30793	31495	703	1	BB226_NZ_JAEQDM010000012.1	NODE_907_length_703_cov_1.325617	100.0	True	True
30833	31535	703	1	EC031_NZ_JAERJC010000002.1	NODE_907_length_703_cov_1.325617	99.72	True	True
31013	31715	703	1	EC034_NZ_JAERJB010000012.1	NODE_907_length_703_cov_1.325617	99.72	True	True
29871	30573	703	1	BB362_NZ_JAEQDL010000019.1	NODE_907_length_703_cov_1.325617	99.43	True	True
CONTIG	NODE_907_length_703_cov_1.325617	703	ambiguous
98748	99446	4	702	EC031_NZ_JAERJC010000009.1	NODE_908_length_702_cov_3.312210	98.28	True	True
13047	13745	702	4	EC034_NZ_JAERJB010000002.1	NODE_908_length_702_cov_3.312210	98.28	True	True
265	962	5	702	A39_fig_1219382.3.peg.982	NODE_908_length_702_cov_3.312210	97.85	True	True
265	962	5	702	CIP110549_fig_1392540.14.peg.1551	NODE_908_length_702_cov_3.312210	97.71	True	True
CONTIG	NODE_908_length_702_cov_3.312210	702	ambiguous
29277	29978	1	702	EC034_NZ_JAERJB010000008.1	NODE_909_length_702_cov_3.089645	98.72	True	True
37814	38515	1	702	BB226_NZ_JAEQDM010000004.1	NODE_909_length_702_cov_3.089645	98.72	True	True
720	1421	1	702	A39_fig_1219382.3.peg.1102	NODE_909_length_702_cov_3.089645	98.72	True	True
38473	39174	1	702	EC031_NZ_JAERJC010000005.1	NODE_909_length_702_cov_3.089645	98.72	True	True
58972	59673	1	702	BB362_NZ_JAEQDL010000002.1	NODE_909_length_702_cov_3.089645	98.58	True	True
720	1421	1	702	CIP110549_fig_1392540.14.peg.1403	NODE_909_length_702_cov_3.089645	98.43	True	True
CONTIG	NODE_909_length_702_cov_3.089645	702	ambiguous
4463	5089	3	629	BB226_NZ_JAEQDM010000045.1	NODE_910_length_702_cov_2.902628	95.85		True
CONTIG	NODE_910_length_702_cov_2.902628	702	correct
28061	28762	702	1	BB226_NZ_JAEQDM010000014.1	NODE_911_length_702_cov_2.731066	98.29	True	True
52675	53376	1	702	BB362_NZ_JAEQDL010000005.1	NODE_911_length_702_cov_2.731066	97.72	True	True
CONTIG	NODE_911_length_702_cov_2.731066	702	ambiguous
76661	77358	702	5	EC031_NZ_JAERJC010000011.1	NODE_912_length_702_cov_2.587326	96.85	True	True
64090	64787	702	5	EC034_NZ_JAERJB010000014.1	NODE_912_length_702_cov_2.587326	96.85	True	True
10892	11589	5	702	BB226_NZ_JAEQDM010000035.1	NODE_912_length_702_cov_2.587326	96.56	True	True
CONTIG	NODE_912_length_702_cov_2.587326	702	ambiguous
52031	52732	1	702	BB362_NZ_JAEQDL010000002.1	NODE_913_length_702_cov_2.425039	99.0	True	True
30874	31575	1	702	BB226_NZ_JAEQDM010000004.1	NODE_913_length_702_cov_2.425039	98.58	True	True
CONTIG	NODE_913_length_702_cov_2.425039	702	ambiguous
895	1611	702	1	CIP110549_fig_1392540.14.peg.1062	NODE_914_length_702_cov_1.857805	97.77	True	True
51946	52662	702	1	FNA3_NZ_VTDT01000014.1	NODE_914_length_702_cov_1.857805	97.21	True	True
51946	52662	702	1	FNA11_NZ_VTDS01000001.1	NODE_914_length_702_cov_1.857805	97.21	True	True
51946	52662	702	1	SCC474reference_NZ_VTDT01000014.1	NODE_914_length_702_cov_1.857805	97.21	True	True
CONTIG	NODE_914_length_702_cov_1.857805	702	ambiguous
39688	40389	701	1	BB362_NZ_JAEQDL010000004.1	NODE_915_length_701_cov_1.770898	99.15		True
CONTIG	NODE_915_length_701_cov_1.770898	701	correct
629	1329	1	701	CIP110549_fig_1392540.14.peg.2220	NODE_916_length_701_cov_1.761610	99.57	True	True
150591	151290	2	701	EC031_NZ_JAERJC010000006.1	NODE_916_length_701_cov_1.761610	99.14	True	True
5899	6598	701	2	EC034_NZ_JAERJB010000007.1	NODE_916_length_701_cov_1.761610	99.14	True	True
630	1329	2	701	A39_fig_1219382.3.peg.1763	NODE_916_length_701_cov_1.761610	99.0	True	True
CONTIG	NODE_916_length_701_cov_1.761610	701	ambiguous
21649	22347	2	700	EC031_NZ_JAERJC010000004.1	NODE_917_length_700_cov_2.117829	95.28	True	True
21649	22347	2	700	EC034_NZ_JAERJB010000028.1	NODE_917_length_700_cov_2.117829	95.28	True	True
CONTIG	NODE_917_length_700_cov_2.117829	700	ambiguous
98234	98929	5	700	BB362_NZ_JAEQDL010000001.1	NODE_918_length_700_cov_1.404651	98.99		True
CONTIG	NODE_918_length_700_cov_1.404651	700	correct
1	628	628	1	A39_fig_1219382.3.peg.2134	NODE_919_length_699_cov_2.246894	100.0		False
9409	10051	643	1	BB362_NZ_JAEQDL010000016.1	NODE_919_length_699_cov_2.246894	98.29		True
CONTIG	NODE_919_length_699_cov_2.246894	699	correct
13975	14673	699	1	BB362_NZ_JAEQDL010000005.1	NODE_920_length_699_cov_1.709627	98.71	True	True
64157	64855	1	699	BB226_NZ_JAEQDM010000014.1	NODE_920_length_699_cov_1.709627	98.57	True	True
69175	69873	699	1	EC031_NZ_JAERJC010000007.1	NODE_920_length_699_cov_1.709627	98.28	True	True
69183	69881	699	1	EC034_NZ_JAERJB010000003.1	NODE_920_length_699_cov_1.709627	98.28	True	True
CONTIG	NODE_920_length_699_cov_1.709627	699	ambiguous
CONTIG	NODE_921_length_699_cov_1.239130	699	unaligned
156982	157669	12	699	BB362_NZ_JAEQDL010000001.1	NODE_922_length_699_cov_1.096273	98.11		False
33732	34419	12	699	EC034_NZ_JAERJB010000004.1	NODE_922_length_699_cov_1.096273	97.97		False
30414	31101	12	699	EC031_NZ_JAERJC010000008.1	NODE_922_length_699_cov_1.096273	97.97		False
32538	33225	12	699	BB226_NZ_JAEQDM010000013.1	NODE_922_length_699_cov_1.096273	98.4		True
CONTIG	NODE_922_length_699_cov_1.096273	699	correct
14060	14754	698	1	EC031_NZ_JAERJC010000017.1	NODE_923_length_698_cov_2.228616	96.56	True	True
2359	3058	698	1	BB226_NZ_JAEQDM010000062.1	NODE_923_length_698_cov_2.228616	96.29	True	True
CONTIG	NODE_923_length_698_cov_2.228616	698	ambiguous
23446	24142	698	1	BB362_NZ_JAEQDL010000017.1	NODE_924_length_698_cov_1.846034	98.71	True	True
17698	18394	1	698	EC034_NZ_JAERJB010000018.1	NODE_924_length_698_cov_1.846034	98.28	True	True
17698	18394	1	698	EC031_NZ_JAERJC010000014.1	NODE_924_length_698_cov_1.846034	98.28	True	True
116517	117209	698	5	BB226_NZ_JAEQDM010000003.1	NODE_924_length_698_cov_1.846034	98.56	True	True
CONTIG	NODE_924_length_698_cov_1.846034	698	ambiguous
54698	55394	698	1	BB226_NZ_JAEQDM010000016.1	NODE_925_length_698_cov_1.286159	97.99	True	True
5508	6205	1	698	BB362_NZ_JAEQDL010000014.1	NODE_925_length_698_cov_1.286159	97.85	True	True
147570	148266	1	698	EC031_NZ_JAERJC010000001.1	NODE_925_length_698_cov_1.286159	97.28	True	True
66911	67607	698	1	EC034_NZ_JAERJB010000010.1	NODE_925_length_698_cov_1.286159	97.28	True	True
CONTIG	NODE_925_length_698_cov_1.286159	698	ambiguous
11391	12088	1	698	BB226_NZ_JAEQDM010000001.1	NODE_926_length_698_cov_1.258165	99.14	True	True
50814	51511	1	698	EC031_NZ_JAERJC010000010.1	NODE_926_length_698_cov_1.258165	98.85	True	True
59944	60641	698	1	EC034_NZ_JAERJB010000006.1	NODE_926_length_698_cov_1.258165	98.85	True	True
CONTIG	NODE_926_length_698_cov_1.258165	698	ambiguous
1	697	1	697	CIP110549_fig_1392540.14.peg.1255	NODE_927_length_697_cov_1.763240	99.28	True	True
1	697	1	697	A39_fig_1219382.3.peg.1250	NODE_927_length_697_cov_1.763240	99.28	True	True
122223	122919	697	1	EC031_NZ_JAERJC010000007.1	NODE_927_length_697_cov_1.763240	98.85	True	True
122231	122927	697	1	EC034_NZ_JAERJB010000003.1	NODE_927_length_697_cov_1.763240	98.85	True	True
11847	12543	1	697	BB226_NZ_JAEQDM010000014.1	NODE_927_length_697_cov_1.763240	98.71	True	True
CONTIG	NODE_927_length_697_cov_1.763240	697	ambiguous
CONTIG	NODE_928_length_696_cov_6.056162	696	unaligned
26115	26807	696	1	EC034_NZ_JAERJB010000005.1	NODE_929_length_696_cov_2.346334	98.28	True	True
99757	100449	1	696	EC031_NZ_JAERJC010000001.1	NODE_929_length_696_cov_2.346334	98.28	True	True
8802	9496	696	1	BB226_NZ_JAEQDM010000006.1	NODE_929_length_696_cov_2.346334	97.84	True	True
CONTIG	NODE_929_length_696_cov_2.346334	696	ambiguous
851	1546	1	696	A39_fig_1219382.3.peg.1660	NODE_930_length_696_cov_1.492980	99.14		True
CONTIG	NODE_930_length_696_cov_1.492980	696	correct
30273	30968	696	1	BB226_NZ_JAEQDM010000022.1	NODE_931_length_696_cov_1.468019	98.85	True	True
6701	7396	1	696	BB362_NZ_JAEQDL010000036.1	NODE_931_length_696_cov_1.468019	98.42	True	True
CONTIG	NODE_931_length_696_cov_1.468019	696	ambiguous
92975	93670	696	1	BB226_NZ_JAEQDM010000009.1	NODE_932_length_696_cov_1.084243	98.56	True	True
8674	9369	1	696	EC034_NZ_JAERJB010000002.1	NODE_932_length_696_cov_1.084243	97.7	True	True
103124	103819	696	1	EC031_NZ_JAERJC010000009.1	NODE_932_length_696_cov_1.084243	97.7	True	True
CONTIG	NODE_932_length_696_cov_1.084243	696	ambiguous
9153	9371	2	220	BB226_NZ_JAEQDM010000037.1	NODE_933_length_695_cov_2.843750	99.09		True
local misassembly
9934	10277	352	695	BB226_NZ_JAEQDM010000037.1	NODE_933_length_695_cov_2.843750	97.97		True
CONTIG	NODE_933_length_695_cov_2.843750	695	correct
587	1281	695	1	BB362_NZ_JAEQDL010000042.1	NODE_934_length_695_cov_2.004688	98.27	True	True
4403	5095	3	695	BB226_NZ_JAEQDM010000057.1	NODE_934_length_695_cov_2.004688	98.12	True	True
CONTIG	NODE_934_length_695_cov_2.004688	695	ambiguous
140	834	695	1	A39_fig_1219382.3.peg.708	NODE_935_length_695_cov_1.734375	98.85	True	True
152	846	695	1	CIP110549_fig_1392540.14.peg.321	NODE_935_length_695_cov_1.734375	98.42	True	True
76801	77495	1	695	BB226_NZ_JAEQDM010000008.1	NODE_935_length_695_cov_1.734375	98.42	True	True
CONTIG	NODE_935_length_695_cov_1.734375	695	ambiguous
47946	48632	1	688	SCC477_NZ_VTDQ01000010.1	NODE_936_length_694_cov_1.352113	94.92	True	True
47939	48625	1	688	FNA3_NZ_VTDT01000010.1	NODE_936_length_694_cov_1.352113	94.92	True	True
94358	95044	688	1	FNA11_NZ_VTDS01000006.1	NODE_936_length_694_cov_1.352113	94.92	True	True
47939	48625	1	688	SCC474reference_NZ_VTDT01000010.1	NODE_936_length_694_cov_1.352113	94.92	True	True
CONTIG	NODE_936_length_694_cov_1.352113	694	ambiguous
26331	27023	1	693	EC034_NZ_JAERJB010000015.1	NODE_937_length_693_cov_3.606583	99.13	True	True
185534	186226	693	1	EC031_NZ_JAERJC010000004.1	NODE_937_length_693_cov_3.606583	99.13	True	True
37204	37896	693	1	BB226_NZ_JAEQDM010000003.1	NODE_937_length_693_cov_3.606583	98.99	True	True
CONTIG	NODE_937_length_693_cov_3.606583	693	ambiguous
23832	24164	366	35	BB226_NZ_JAEQDM010000015.1	NODE_938_length_693_cov_2.777429	94.59		True
indel: indel (> 5bp)
23388	23714	693	367	BB226_NZ_JAEQDM010000015.1	NODE_938_length_693_cov_2.777429	95.72		True
CONTIG	NODE_938_length_693_cov_2.777429	693	correct
40910	41598	4	692	BB362_NZ_JAEQDL010000003.1	NODE_939_length_692_cov_3.091052	97.68	True	True
43791	44477	6	692	EC034_NZ_JAERJB010000002.1	NODE_939_length_692_cov_3.091052	97.67	True	True
68016	68702	692	6	EC031_NZ_JAERJC010000009.1	NODE_939_length_692_cov_3.091052	97.67	True	True
CONTIG	NODE_939_length_692_cov_3.091052	692	ambiguous
39961	40652	692	1	BB226_NZ_JAEQDM010000004.1	NODE_940_length_692_cov_1.679749	97.98	True	True
61119	61810	692	1	BB362_NZ_JAEQDL010000002.1	NODE_940_length_692_cov_1.679749	97.83	True	True
CONTIG	NODE_940_length_692_cov_1.679749	692	ambiguous
215106	215797	692	1	EC031_NZ_JAERJC010000002.1	NODE_941_length_692_cov_1.200942	99.13	True	True
23083	23774	692	1	EC034_NZ_JAERJB010000023.1	NODE_941_length_692_cov_1.200942	99.13	True	True
100975	101664	690	1	BB362_NZ_JAEQDL010000001.1	NODE_941_length_692_cov_1.200942	98.84	True	True
21024	21713	690	1	BB226_NZ_JAEQDM010000024.1	NODE_941_length_692_cov_1.200942	98.55	True	True
CONTIG	NODE_941_length_692_cov_1.200942	692	ambiguous
7903	8585	691	9	BB226_NZ_JAEQDM010000017.1	NODE_942_length_691_cov_6.547170	97.07		True
CONTIG	NODE_942_length_691_cov_6.547170	691	correct
3587	4277	1	691	BB362_NZ_JAEQDL010000030.1	NODE_943_length_691_cov_2.257862	99.57		True
CONTIG	NODE_943_length_691_cov_2.257862	691	correct
694	1384	691	1	CIP110549_fig_1392540.14.peg.1307	NODE_944_length_691_cov_1.926101	99.28		True
CONTIG	NODE_944_length_691_cov_1.926101	691	correct
37909	38598	690	1	BB362_NZ_JAEQDL010000004.1	NODE_945_length_690_cov_1.694488	99.42	True	True
37755	38444	690	1	BB226_NZ_JAEQDM010000008.1	NODE_945_length_690_cov_1.694488	99.13	True	True
CONTIG	NODE_945_length_690_cov_1.694488	690	ambiguous
1047	1735	689	1	BB226_NZ_JAEQDM010000054.1	NODE_946_length_689_cov_2.088328	97.82		True
CONTIG	NODE_946_length_689_cov_2.088328	689	correct
75882	76569	688	1	BB226_NZ_JAEQDM010000012.1	NODE_947_length_688_cov_2.101106	98.98	True	True
74686	75373	688	1	EC034_NZ_JAERJB010000012.1	NODE_947_length_688_cov_2.101106	98.84	True	True
74506	75193	688	1	EC031_NZ_JAERJC010000002.1	NODE_947_length_688_cov_2.101106	98.84	True	True
CONTIG	NODE_947_length_688_cov_2.101106	688	ambiguous
1030	1719	3	688	BB226_NZ_JAEQDM010000022.1	NODE_948_length_688_cov_1.864139	96.52		True
CONTIG	NODE_948_length_688_cov_1.864139	688	correct
CONTIG	NODE_949_length_688_cov_1.717220	688	unaligned
13514	14201	1	688	BB226_NZ_JAEQDM010000014.1	NODE_950_length_688_cov_1.187994	98.69	True	True
67200	67887	688	1	BB362_NZ_JAEQDL010000005.1	NODE_950_length_688_cov_1.187994	98.55	True	True
CONTIG	NODE_950_length_688_cov_1.187994	688	ambiguous
78459	79145	687	1	BB226_NZ_JAEQDM010000007.1	NODE_951_length_687_cov_1.901899	96.8		True
CONTIG	NODE_951_length_687_cov_1.901899	687	correct
1	67	67	1	A39_fig_1219382.3.peg.74	NODE_952_length_687_cov_1.680380	100.0		True
translocation
1	465	220	684	A39_fig_1219382.3.peg.75	NODE_952_length_687_cov_1.680380	99.78		True
CONTIG	NODE_952_length_687_cov_1.680380	687	misassembled
2532	3217	686	1	CIP110549_fig_1392540.14.peg.13	NODE_953_length_686_cov_2.033281	98.4		True
CONTIG	NODE_953_length_686_cov_2.033281	686	correct
CONTIG	NODE_954_length_685_cov_1.792063	685	unaligned
15886	16569	1	684	BB362_NZ_JAEQDL010000016.1	NODE_955_length_684_cov_2.734499	98.98	True	True
213121	213804	1	684	EC031_NZ_JAERJC010000004.1	NODE_955_length_684_cov_2.734499	98.54	True	True
64786	65469	1	684	BB226_NZ_JAEQDM010000003.1	NODE_955_length_684_cov_2.734499	98.25	True	True
CONTIG	NODE_955_length_684_cov_2.734499	684	ambiguous
32	713	683	2	CIP110549_fig_1392540.14.peg.1608	NODE_956_length_683_cov_1.541401	98.39	True	True
40679	41361	683	1	EC031_NZ_JAERJC010000009.1	NODE_956_length_683_cov_1.541401	98.24	True	True
71132	71814	1	683	EC034_NZ_JAERJB010000002.1	NODE_956_length_683_cov_1.541401	98.24	True	True
32	713	683	2	A39_fig_1219382.3.peg.925	NODE_956_length_683_cov_1.541401	98.24	True	True
32196	32878	683	1	BB226_NZ_JAEQDM010000009.1	NODE_956_length_683_cov_1.541401	97.66	True	True
CONTIG	NODE_956_length_683_cov_1.541401	683	ambiguous
CONTIG	NODE_957_length_681_cov_4.084665	681	unaligned
64771	65451	1	681	BB362_NZ_JAEQDL010000003.1	NODE_958_length_681_cov_1.670927	98.38	True	True
34860	35540	681	1	BB226_NZ_JAEQDM010000009.1	NODE_958_length_681_cov_1.670927	98.09	True	True
43343	44022	681	1	EC031_NZ_JAERJC010000009.1	NODE_958_length_681_cov_1.670927	97.65	True	True
68471	69150	1	681	EC034_NZ_JAERJB010000002.1	NODE_958_length_681_cov_1.670927	97.65	True	True
CONTIG	NODE_958_length_681_cov_1.670927	681	ambiguous
30444	31124	1	681	EC034_NZ_JAERJB010000026.1	NODE_959_length_681_cov_1.220447	96.04	True	True
223636	224316	1	681	EC031_NZ_JAERJC010000003.1	NODE_959_length_681_cov_1.220447	96.04	True	True
CONTIG	NODE_959_length_681_cov_1.220447	681	ambiguous
48716	49395	680	1	EC034_NZ_JAERJB010000014.1	NODE_960_length_680_cov_1.924800	99.71	True	True
61287	61966	680	1	EC031_NZ_JAERJC010000011.1	NODE_960_length_680_cov_1.924800	99.71	True	True
133345	134024	680	1	BB226_NZ_JAEQDM010000001.1	NODE_960_length_680_cov_1.924800	99.12	True	True
8617	9296	680	1	BB362_NZ_JAEQDL010000034.1	NODE_960_length_680_cov_1.924800	98.97	True	True
CONTIG	NODE_960_length_680_cov_1.924800	680	ambiguous
80825	81504	1	680	BB226_NZ_JAEQDM010000001.1	NODE_961_length_680_cov_1.851200	98.68		True
CONTIG	NODE_961_length_680_cov_1.851200	680	correct
CONTIG	NODE_962_length_680_cov_1.534400	680	unaligned
7867	8546	1	680	BB362_NZ_JAEQDL010000029.1	NODE_963_length_680_cov_1.520000	96.76	True	True
97176	97855	680	1	EC034_NZ_JAERJB010000007.1	NODE_963_length_680_cov_1.520000	96.62	True	True
59334	60013	1	680	EC031_NZ_JAERJC010000006.1	NODE_963_length_680_cov_1.520000	96.62	True	True
3614	4289	1	676	BB226_NZ_JAEQDM010000010.1	NODE_963_length_680_cov_1.520000	97.19	True	True
CONTIG	NODE_963_length_680_cov_1.520000	680	ambiguous
34022	34695	6	679	BB226_NZ_JAEQDM010000006.1	NODE_964_length_679_cov_2.328526	97.92	True	True
74562	75233	679	8	EC031_NZ_JAERJC010000001.1	NODE_964_length_679_cov_2.328526	97.47	True	True
51331	52002	8	679	EC034_NZ_JAERJB010000005.1	NODE_964_length_679_cov_2.328526	97.47	True	True
CONTIG	NODE_964_length_679_cov_2.328526	679	ambiguous
118472	119117	2	647	BB362_NZ_JAEQDL010000003.1	NODE_965_length_679_cov_2.189103	96.75		True
CONTIG	NODE_965_length_679_cov_2.189103	679	correct
203562	204241	679	1	BB362_NZ_JAEQDL010000001.1	NODE_966_length_679_cov_1.844551	96.62	True	True
76539	77221	679	1	EC031_NZ_JAERJC010000008.1	NODE_966_length_679_cov_1.844551	96.49	True	True
79857	80539	679	1	EC034_NZ_JAERJB010000004.1	NODE_966_length_679_cov_1.844551	96.49	True	True
CONTIG	NODE_966_length_679_cov_1.844551	679	ambiguous
65633	66337	679	1	EC034_NZ_JAERJB010000013.1	NODE_967_length_679_cov_1.371795	94.04	True	True
45051	45755	1	679	EC031_NZ_JAERJC010000004.1	NODE_967_length_679_cov_1.371795	94.04	True	True
9564	10268	1	679	BB362_NZ_JAEQDL010000023.1	NODE_967_length_679_cov_1.371795	93.33	True	True
CONTIG	NODE_967_length_679_cov_1.371795	679	ambiguous
11142	11819	1	678	BB226_NZ_JAEQDM010000004.1	NODE_968_length_678_cov_2.471910	99.12	True	True
11356	12033	1	678	EC031_NZ_JAERJC010000005.1	NODE_968_length_678_cov_2.471910	98.97	True	True
2160	2837	1	678	EC034_NZ_JAERJB010000008.1	NODE_968_length_678_cov_2.471910	98.97	True	True
31821	32498	1	678	BB362_NZ_JAEQDL010000002.1	NODE_968_length_678_cov_2.471910	98.97	True	True
CONTIG	NODE_968_length_678_cov_2.471910	678	ambiguous
41352	42028	677	1	BB362_NZ_JAEQDL010000016.1	NODE_969_length_677_cov_2.003215	99.26	True	True
90223	90899	677	1	BB226_NZ_JAEQDM010000003.1	NODE_969_length_677_cov_2.003215	98.97	True	True
44018	44694	1	677	EC034_NZ_JAERJB010000018.1	NODE_969_length_677_cov_2.003215	98.67	True	True
44018	44694	1	677	EC031_NZ_JAERJC010000014.1	NODE_969_length_677_cov_2.003215	98.67	True	True
CONTIG	NODE_969_length_677_cov_2.003215	677	ambiguous
54842	55516	676	2	EC034_NZ_JAERJB010000011.1	NODE_970_length_676_cov_2.115942	98.22	True	True
28865	29539	2	676	EC031_NZ_JAERJC010000012.1	NODE_970_length_676_cov_2.115942	98.22	True	True
CONTIG	NODE_970_length_676_cov_2.115942	676	ambiguous
22290	22965	1	676	BB362_NZ_JAEQDL010000015.1	NODE_971_length_676_cov_1.964573	99.7	True	True
65146	65821	676	1	BB226_NZ_JAEQDM010000006.1	NODE_971_length_676_cov_1.964573	99.56	True	True
CONTIG	NODE_971_length_676_cov_1.964573	676	ambiguous
CONTIG	NODE_972_length_676_cov_1.415459	676	unaligned
224142	224816	675	1	BB362_NZ_JAEQDL010000001.1	NODE_973_length_675_cov_2.306452	99.41	True	True
192	866	675	1	CIP110549_fig_1392540.14.peg.1217	NODE_973_length_675_cov_2.306452	98.96	True	True
26438	27112	1	675	BB226_NZ_JAEQDM010000021.1	NODE_973_length_675_cov_2.306452	98.67	True	True
CONTIG	NODE_973_length_675_cov_2.306452	675	ambiguous
52204	52879	675	1	EC031_NZ_JAERJC010000009.1	NODE_974_length_675_cov_2.306452	97.34	True	True
59614	60289	1	675	EC034_NZ_JAERJB010000002.1	NODE_974_length_675_cov_2.306452	97.34	True	True
43723	44398	675	1	BB226_NZ_JAEQDM010000009.1	NODE_974_length_675_cov_2.306452	96.75	True	True
CONTIG	NODE_974_length_675_cov_2.306452	675	ambiguous
1449	2123	675	1	A39_fig_1219382.3.peg.1823	NODE_975_length_675_cov_1.800000	99.41	True	True
7062	7736	675	1	BB362_NZ_JAEQDL010000043.1	NODE_975_length_675_cov_1.800000	99.26	True	True
1449	2123	675	1	CIP110549_fig_1392540.14.peg.2168	NODE_975_length_675_cov_1.800000	98.96	True	True
CONTIG	NODE_975_length_675_cov_1.800000	675	ambiguous
76317	76991	675	1	EC031_NZ_JAERJC010000002.1	NODE_976_length_675_cov_1.750000	98.81	True	True
76497	77171	675	1	EC034_NZ_JAERJB010000012.1	NODE_976_length_675_cov_1.750000	98.81	True	True
77693	78367	675	1	BB226_NZ_JAEQDM010000012.1	NODE_976_length_675_cov_1.750000	98.07	True	True
CONTIG	NODE_976_length_675_cov_1.750000	675	ambiguous
128253	128927	1	675	BB226_NZ_JAEQDM010000001.1	NODE_977_length_675_cov_1.674194	98.96	True	True
347	1021	675	1	A39_fig_1219382.3.peg.1801	NODE_977_length_675_cov_1.674194	98.81	True	True
347	1021	675	1	CIP110549_fig_1392540.14.peg.2182	NODE_977_length_675_cov_1.674194	98.37	True	True
CONTIG	NODE_977_length_675_cov_1.674194	675	ambiguous
CONTIG	NODE_978_length_675_cov_1.050000	675	unaligned
27443	28116	674	1	BB362_NZ_JAEQDL010000003.1	NODE_979_length_674_cov_2.352181	98.66	True	True
73059	73732	1	674	BB226_NZ_JAEQDM010000009.1	NODE_979_length_674_cov_2.352181	98.22	True	True
CONTIG	NODE_979_length_674_cov_2.352181	674	ambiguous
187511	188153	639	1	EC034_NZ_JAERJB010000001.1	NODE_980_length_674_cov_1.610662	95.96		False
4217	4859	1	639	EC031_NZ_JAERJC010000003.1	NODE_980_length_674_cov_1.610662	95.96		True
CONTIG	NODE_980_length_674_cov_1.610662	674	correct
CONTIG	NODE_981_length_673_cov_2.464401	673	unaligned
11324	11996	673	1	EC031_NZ_JAERJC010000009.1	NODE_982_length_673_cov_2.040453	98.81	True	True
100497	101169	1	673	EC034_NZ_JAERJB010000002.1	NODE_982_length_673_cov_2.040453	98.81	True	True
4921	5593	673	1	BB226_NZ_JAEQDM010000037.1	NODE_982_length_673_cov_2.040453	98.51	True	True
CONTIG	NODE_982_length_673_cov_2.040453	673	ambiguous
11377	12040	664	1	BB226_NZ_JAEQDM010000043.1	NODE_983_length_673_cov_1.545307	99.55	True	True
945	1608	1	664	EC034_NZ_JAERJB010000007.1	NODE_983_length_673_cov_1.545307	99.1	True	True
155581	156244	664	1	EC031_NZ_JAERJC010000006.1	NODE_983_length_673_cov_1.545307	99.1	True	True
CONTIG	NODE_983_length_673_cov_1.545307	673	ambiguous
75620	76292	672	1	BB362_NZ_JAEQDL010000005.1	NODE_984_length_672_cov_2.455429	99.11	True	True
128993	129665	672	1	EC034_NZ_JAERJB010000003.1	NODE_984_length_672_cov_2.455429	98.81	True	True
140	812	1	672	A39_fig_1219382.3.peg.1255	NODE_984_length_672_cov_2.455429	98.81	True	True
128985	129657	672	1	EC031_NZ_JAERJC010000007.1	NODE_984_length_672_cov_2.455429	98.81	True	True
140	812	1	672	CIP110549_fig_1392540.14.peg.1250	NODE_984_length_672_cov_2.455429	98.51	True	True
CONTIG	NODE_984_length_672_cov_2.455429	672	ambiguous
118014	118678	1	665	BB226_NZ_JAEQDM010000003.1	NODE_985_length_671_cov_2.060065	93.25		False
24942	25600	1	659	BB362_NZ_JAEQDL010000017.1	NODE_985_length_671_cov_2.060065	95.01		True
CONTIG	NODE_985_length_671_cov_2.060065	671	correct
457	949	669	177	CIP110549_fig_1392540.14.peg.2317	NODE_986_length_671_cov_1.714286	96.96		True
CONTIG	NODE_986_length_671_cov_1.714286	671	correct
CONTIG	NODE_987_length_671_cov_1.339286	671	unaligned
45574	46243	670	1	BB226_NZ_JAEQDM010000008.1	NODE_988_length_670_cov_2.307317	99.1		True
CONTIG	NODE_988_length_670_cov_2.307317	670	correct
25437	26103	1	667	BB226_NZ_JAEQDM010000031.1	NODE_989_length_670_cov_1.495935	98.65		True
CONTIG	NODE_989_length_670_cov_1.495935	670	correct
6	663	658	1	A39_fig_1219382.3.peg.2044	NODE_990_length_669_cov_1.752443	99.7		True
CONTIG	NODE_990_length_669_cov_1.752443	669	correct
CONTIG	NODE_991_length_668_cov_3.482871	668	unaligned
21006	21673	1	668	BB362_NZ_JAEQDL010000026.1	NODE_992_length_668_cov_2.468189	98.35	True	True
459	1125	1	667	CIP110549_fig_1392540.14.peg.2131	NODE_992_length_668_cov_2.468189	98.35	True	True
554	1220	667	1	EC034_NZ_JAERJB010000006.1	NODE_992_length_668_cov_2.468189	97.9	True	True
110235	110901	1	667	EC031_NZ_JAERJC010000010.1	NODE_992_length_668_cov_2.468189	97.9	True	True
463	1126	5	668	A39_fig_1219382.3.peg.1860	NODE_992_length_668_cov_2.468189	98.34	True	True
69533	70195	5	667	BB226_NZ_JAEQDM010000001.1	NODE_992_length_668_cov_2.468189	98.34	True	True
CONTIG	NODE_992_length_668_cov_2.468189	668	ambiguous
63388	64055	1	668	BB362_NZ_JAEQDL010000001.1	NODE_993_length_668_cov_2.383361	97.9		True
CONTIG	NODE_993_length_668_cov_2.383361	668	correct
74	693	668	49	A39_fig_1219382.3.peg.1471	NODE_994_length_668_cov_2.171289	99.68		False
74	693	668	49	CIP110549_fig_1392540.14.peg.613	NODE_994_length_668_cov_2.171289	100.0		True
CONTIG	NODE_994_length_668_cov_2.171289	668	correct
143	807	1	665	CIP110549_fig_1392540.14.peg.573	NODE_995_length_668_cov_1.484502	98.05	True	True
101017	101684	668	1	BB226_NZ_JAEQDM010000002.1	NODE_995_length_668_cov_1.484502	97.31	True	True
143	807	1	665	A39_fig_1219382.3.peg.1512	NODE_995_length_668_cov_1.484502	97.59	True	True
8883	9547	1	665	BB362_NZ_JAEQDL010000008.1	NODE_995_length_668_cov_1.484502	97.29	True	True
CONTIG	NODE_995_length_668_cov_1.484502	668	ambiguous
48679	49344	1	666	EC034_NZ_JAERJB010000019.1	NODE_996_length_666_cov_2.482815	99.1	True	True
89874	90539	666	1	EC031_NZ_JAERJC010000002.1	NODE_996_length_666_cov_2.482815	99.1	True	True
9057	9722	666	1	BB362_NZ_JAEQDL010000001.1	NODE_996_length_666_cov_2.482815	98.8	True	True
6239	6903	666	1	BB226_NZ_JAEQDM010000011.1	NODE_996_length_666_cov_2.482815	98.8	True	True
CONTIG	NODE_996_length_666_cov_2.482815	666	ambiguous
30951	31615	1	665	EC034_NZ_JAERJB010000025.1	NODE_997_length_666_cov_1.954173	99.7	True	True
3225	3889	665	1	EC031_NZ_JAERJC010000025.1	NODE_997_length_666_cov_1.954173	99.7	True	True
31090	31755	1	666	BB362_NZ_JAEQDL010000024.1	NODE_997_length_666_cov_1.954173	99.1	True	True
CONTIG	NODE_997_length_666_cov_1.954173	666	ambiguous
427	1089	1	663	CIP110549_fig_1392540.14.peg.1418	NODE_998_length_666_cov_1.798691	98.79	True	True
78443	79108	666	1	BB362_NZ_JAEQDL010000002.1	NODE_998_length_666_cov_1.798691	98.05	True	True
427	1089	1	663	A39_fig_1219382.3.peg.1088	NODE_998_length_666_cov_1.798691	98.49	True	True
58090	58755	666	1	BB226_NZ_JAEQDM010000004.1	NODE_998_length_666_cov_1.798691	97.9	True	True
CONTIG	NODE_998_length_666_cov_1.798691	666	ambiguous
522	1187	666	1	CIP110549_fig_1392540.14.peg.312	NODE_999_length_666_cov_1.361702	98.35	True	True
522	1187	666	1	A39_fig_1219382.3.peg.699	NODE_999_length_666_cov_1.361702	97.9	True	True
84836	85501	666	1	BB226_NZ_JAEQDM010000008.1	NODE_999_length_666_cov_1.361702	97.9	True	True
85031	85696	666	1	BB362_NZ_JAEQDL010000004.1	NODE_999_length_666_cov_1.361702	97.6	True	True
CONTIG	NODE_999_length_666_cov_1.361702	666	ambiguous
24717	25382	1	666	SCC474reference_NZ_VTDT01000012.1	NODE_1000_length_666_cov_1.232406	92.34	True	True
71189	71854	666	1	SCC477_NZ_VTDQ01000007.1	NODE_1000_length_666_cov_1.232406	92.34	True	True
24717	25382	1	666	FNA3_NZ_VTDT01000012.1	NODE_1000_length_666_cov_1.232406	92.34	True	True
71188	71853	666	1	FNA11_NZ_VTDS01000002.1	NODE_1000_length_666_cov_1.232406	92.34	True	True
CONTIG	NODE_1000_length_666_cov_1.232406	666	ambiguous
749	1413	665	1	A39_fig_1219382.3.peg.482	NODE_1001_length_665_cov_2.037705	99.7	True	True
749	1413	665	1	CIP110549_fig_1392540.14.peg.909	NODE_1001_length_665_cov_2.037705	99.7	True	True
143	805	663	1	EC034_NZ_JAERJB010000012.1	NODE_1001_length_665_cov_2.037705	99.55	True	True
CONTIG	NODE_1001_length_665_cov_2.037705	665	ambiguous
176485	177148	664	1	BB362_NZ_JAEQDL010000001.1	NODE_1002_length_664_cov_2.551724	98.34		True
CONTIG	NODE_1002_length_664_cov_2.551724	664	correct
47898	48561	664	1	BB226_NZ_JAEQDM010000018.1	NODE_1003_length_664_cov_1.715928	99.1	True	True
84730	85393	1	664	EC034_NZ_JAERJB010000006.1	NODE_1003_length_664_cov_1.715928	98.49	True	True
26062	26725	664	1	EC031_NZ_JAERJC010000010.1	NODE_1003_length_664_cov_1.715928	98.49	True	True
CONTIG	NODE_1003_length_664_cov_1.715928	664	ambiguous
3023	3685	663	1	BB362_NZ_JAEQDL010000007.1	NODE_1004_length_663_cov_2.157895	96.38	True	True
39506	40168	1	663	BB226_NZ_JAEQDM010000006.1	NODE_1004_length_663_cov_2.157895	96.08	True	True
56815	57477	1	663	EC034_NZ_JAERJB010000005.1	NODE_1004_length_663_cov_2.157895	96.08	True	True
69087	69749	663	1	EC031_NZ_JAERJC010000001.1	NODE_1004_length_663_cov_2.157895	96.08	True	True
CONTIG	NODE_1004_length_663_cov_2.157895	663	ambiguous
15999	16656	6	663	EC034_NZ_JAERJB010000006.1	NODE_1005_length_663_cov_1.949013	98.78	True	True
94799	95456	663	6	EC031_NZ_JAERJC010000010.1	NODE_1005_length_663_cov_1.949013	98.78	True	True
56065	56722	663	6	BB226_NZ_JAEQDM010000001.1	NODE_1005_length_663_cov_1.949013	98.63	True	True
7537	8188	663	12	BB362_NZ_JAEQDL010000026.1	NODE_1005_length_663_cov_1.949013	99.08	True	True
CONTIG	NODE_1005_length_663_cov_1.949013	663	ambiguous
60	722	663	1	CIP110549_fig_1392540.14.peg.1689	NODE_1006_length_663_cov_1.549342	98.64	True	True
60	722	663	1	A39_fig_1219382.3.peg.2045	NODE_1006_length_663_cov_1.549342	98.49	True	True
39723	40385	663	1	BB362_NZ_JAEQDL010000017.1	NODE_1006_length_663_cov_1.549342	98.49	True	True
1454	2116	1	663	EC031_NZ_JAERJC010000014.1	NODE_1006_length_663_cov_1.549342	98.34	True	True
1454	2116	1	663	EC034_NZ_JAERJB010000018.1	NODE_1006_length_663_cov_1.549342	98.34	True	True
132795	133457	663	1	BB226_NZ_JAEQDM010000003.1	NODE_1006_length_663_cov_1.549342	97.74	True	True
CONTIG	NODE_1006_length_663_cov_1.549342	663	ambiguous
117966	118627	1	662	BB362_NZ_JAEQDL010000002.1	NODE_1007_length_662_cov_1.986820	98.64		True
CONTIG	NODE_1007_length_662_cov_1.986820	662	correct
474	1135	1	662	CIP110549_fig_1392540.14.peg.431	NODE_1008_length_662_cov_1.813839	99.09		True
CONTIG	NODE_1008_length_662_cov_1.813839	662	correct
18551	19211	1	661	BB226_NZ_JAEQDM010000029.1	NODE_1009_length_661_cov_1.866337	99.39		True
CONTIG	NODE_1009_length_661_cov_1.866337	661	correct
13131	13791	661	1	EC034_NZ_JAERJB010000021.1	NODE_1010_length_661_cov_1.808581	98.94	True	True
125512	126172	661	1	EC031_NZ_JAERJC010000005.1	NODE_1010_length_661_cov_1.808581	98.94	True	True
2948	3608	661	1	BB226_NZ_JAEQDM010000015.1	NODE_1010_length_661_cov_1.808581	98.64	True	True
CONTIG	NODE_1010_length_661_cov_1.808581	661	ambiguous
506	1165	1	660	A39_fig_1219382.3.peg.404	NODE_1011_length_660_cov_2.044628	98.33	True	True
1899	2558	1	660	BB226_NZ_JAEQDM010000011.1	NODE_1011_length_660_cov_2.044628	98.03	True	True
CONTIG	NODE_1011_length_660_cov_2.044628	660	ambiguous
2920	3577	3	660	BB362_NZ_JAEQDL010000030.1	NODE_1012_length_660_cov_1.161983	97.42	True	True
13435	14092	3	660	BB226_NZ_JAEQDM010000019.1	NODE_1012_length_660_cov_1.161983	96.81	True	True
CONTIG	NODE_1012_length_660_cov_1.161983	660	ambiguous
855	1437	1	583	A39_fig_1219382.3.peg.178	NODE_1013_length_660_cov_1.137190	97.94		False
173196	173778	583	1	BB362_NZ_JAEQDL010000001.1	NODE_1013_length_660_cov_1.137190	97.77		False
855	1437	1	583	CIP110549_fig_1392540.14.peg.1169	NODE_1013_length_660_cov_1.137190	98.11		True
CONTIG	NODE_1013_length_660_cov_1.137190	660	correct
48556	49215	2	659	BB226_NZ_JAEQDM010000014.1	NODE_1014_length_659_cov_1.799669	98.34		True
CONTIG	NODE_1014_length_659_cov_1.799669	659	correct
4509	5167	659	1	BB362_NZ_JAEQDL010000059.1	NODE_1015_length_659_cov_1.745033	99.7	True	True
11790	12448	659	1	BB226_NZ_JAEQDM010000036.1	NODE_1015_length_659_cov_1.745033	99.39	True	True
CONTIG	NODE_1015_length_659_cov_1.745033	659	ambiguous
56314	56972	1	659	BB226_NZ_JAEQDM010000003.1	NODE_1016_length_659_cov_1.498344	98.79	True	True
204649	205307	1	659	EC031_NZ_JAERJC010000004.1	NODE_1016_length_659_cov_1.498344	98.03	True	True
7250	7908	659	1	EC034_NZ_JAERJB010000015.1	NODE_1016_length_659_cov_1.498344	98.03	True	True
CONTIG	NODE_1016_length_659_cov_1.498344	659	ambiguous
458	1115	658	1	CIP110549_fig_1392540.14.peg.488	NODE_1017_length_658_cov_2.653400	98.78		True
CONTIG	NODE_1017_length_658_cov_2.653400	658	correct
2959	3584	32	658	BB226_NZ_JAEQDM010000040.1	NODE_1018_length_658_cov_2.044776	93.78		True
CONTIG	NODE_1018_length_658_cov_2.044776	658	correct
CONTIG	NODE_1019_length_658_cov_0.915423	658	unaligned
128526	129182	657	1	BB226_NZ_JAEQDM010000003.1	NODE_1020_length_657_cov_2.305648	99.24	True	True
5729	6385	1	657	EC034_NZ_JAERJB010000018.1	NODE_1020_length_657_cov_2.305648	98.48	True	True
5729	6385	1	657	EC031_NZ_JAERJC010000014.1	NODE_1020_length_657_cov_2.305648	98.48	True	True
CONTIG	NODE_1020_length_657_cov_2.305648	657	ambiguous
CONTIG	NODE_1021_length_657_cov_0.921927	657	unaligned
62515	63171	1	656	BB362_NZ_JAEQDL010000002.1	NODE_1022_length_656_cov_3.237937	98.48		True
CONTIG	NODE_1022_length_656_cov_3.237937	656	correct
11176	11831	656	1	BB226_NZ_JAEQDM010000023.1	NODE_1023_length_656_cov_2.772047	98.63	True	True
10962	11617	656	1	EC031_NZ_JAERJC010000020.1	NODE_1023_length_656_cov_2.772047	98.48	True	True
128759	129414	1	656	BB362_NZ_JAEQDL010000003.1	NODE_1023_length_656_cov_2.772047	98.48	True	True
133195	133850	1	656	EC034_NZ_JAERJB010000002.1	NODE_1023_length_656_cov_2.772047	98.48	True	True
CONTIG	NODE_1023_length_656_cov_2.772047	656	ambiguous
CONTIG	NODE_1024_length_656_cov_2.046589	656	unaligned
59933	60588	656	1	BB362_NZ_JAEQDL010000006.1	NODE_1025_length_656_cov_2.001664	99.39	True	True
608	1263	1	656	CIP110549_fig_1392540.14.peg.2041	NODE_1025_length_656_cov_2.001664	98.63	True	True
611	1266	1	656	A39_fig_1219382.3.peg.1961	NODE_1025_length_656_cov_2.001664	98.48	True	True
CONTIG	NODE_1025_length_656_cov_2.001664	656	ambiguous
12442	13097	656	1	EC031_NZ_JAERJC010000019.1	NODE_1026_length_656_cov_1.762063	97.26	True	True
12442	13097	656	1	EC034_NZ_JAERJB010000024.1	NODE_1026_length_656_cov_1.762063	97.26	True	True
11970	12625	656	1	BB226_NZ_JAEQDM010000025.1	NODE_1026_length_656_cov_1.762063	97.1	True	True
CONTIG	NODE_1026_length_656_cov_1.762063	656	ambiguous
79738	80392	655	1	BB226_NZ_JAEQDM010000013.1	NODE_1027_length_655_cov_1.600000	99.54	True	True
866	1520	655	1	CIP110549_fig_1392540.14.peg.1195	NODE_1027_length_655_cov_1.600000	98.78	True	True
866	1520	655	1	A39_fig_1219382.3.peg.151	NODE_1027_length_655_cov_1.600000	98.63	True	True
CONTIG	NODE_1027_length_655_cov_1.600000	655	ambiguous
33564	34218	1	655	BB226_NZ_JAEQDM010000022.1	NODE_1028_length_655_cov_1.233333	97.11		True
CONTIG	NODE_1028_length_655_cov_1.233333	655	correct
609	1240	632	1	BB226_NZ_JAEQDM010000053.1	NODE_1029_length_654_cov_3.510851	99.21		True
CONTIG	NODE_1029_length_654_cov_3.510851	654	correct
61910	62542	654	22	EC031_NZ_JAERJC010000008.1	NODE_1030_length_654_cov_1.405676	97.0		False
65228	65860	654	22	EC034_NZ_JAERJB010000004.1	NODE_1030_length_654_cov_1.405676	97.0		True
CONTIG	NODE_1030_length_654_cov_1.405676	654	correct
22229	22881	653	1	BB226_NZ_JAEQDM010000017.1	NODE_1031_length_653_cov_2.573579	98.93	True	True
12375	13027	653	1	EC031_NZ_JAERJC010000013.1	NODE_1031_length_653_cov_2.573579	98.32	True	True
12375	13027	653	1	EC034_NZ_JAERJB010000016.1	NODE_1031_length_653_cov_2.573579	98.32	True	True
CONTIG	NODE_1031_length_653_cov_2.573579	653	ambiguous
58944	59597	653	1	BB226_NZ_JAEQDM010000009.1	NODE_1032_length_653_cov_2.212375	98.78		True
CONTIG	NODE_1032_length_653_cov_2.212375	653	correct
106303	106949	651	5	BB362_NZ_JAEQDL010000002.1	NODE_1033_length_653_cov_1.899666	99.23	True	True
76655	77305	651	1	EC034_NZ_JAERJB010000008.1	NODE_1033_length_653_cov_1.899666	98.62	True	True
85851	86501	651	1	EC031_NZ_JAERJC010000005.1	NODE_1033_length_653_cov_1.899666	98.62	True	True
94605	95254	651	2	BB226_NZ_JAEQDM010000004.1	NODE_1033_length_653_cov_1.899666	98.31	True	True
CONTIG	NODE_1033_length_653_cov_1.899666	653	ambiguous
610	1262	653	1	BB226_NZ_JAEQDM010000037.1	NODE_1034_length_653_cov_1.712375	98.47	True	True
101407	102059	1	653	BB362_NZ_JAEQDL010000003.1	NODE_1034_length_653_cov_1.712375	98.47	True	True
7023	7675	653	1	EC031_NZ_JAERJC010000009.1	NODE_1034_length_653_cov_1.712375	97.55	True	True
104818	105470	1	653	EC034_NZ_JAERJB010000002.1	NODE_1034_length_653_cov_1.712375	97.55	True	True
CONTIG	NODE_1034_length_653_cov_1.712375	653	ambiguous
CONTIG	NODE_1035_length_653_cov_1.603679	653	unaligned
CONTIG	NODE_1036_length_652_cov_2.207705	652	unaligned
54535	55180	646	1	BB226_NZ_JAEQDM010000002.1	NODE_1037_length_652_cov_1.465662	97.21		True
CONTIG	NODE_1037_length_652_cov_1.465662	652	correct
4660	5310	1	651	BB226_NZ_JAEQDM010000009.1	NODE_1038_length_651_cov_1.942953	96.31		True
CONTIG	NODE_1038_length_651_cov_1.942953	651	correct
CONTIG	NODE_1039_length_651_cov_1.530201	651	unaligned
452259	452909	651	1	EC24_NZ_VTDO01000001.1	NODE_1040_length_651_cov_0.961409	99.54		True
CONTIG	NODE_1040_length_651_cov_0.961409	651	correct
CONTIG	NODE_1041_length_649_cov_4.984848	649	unaligned
44758	45404	649	4	BB226_NZ_JAEQDM010000006.1	NODE_1042_length_649_cov_1.548822	98.61	True	True
42697	43342	4	649	BB362_NZ_JAEQDL010000015.1	NODE_1042_length_649_cov_1.548822	98.45	True	True
CONTIG	NODE_1042_length_649_cov_1.548822	649	ambiguous
18925	19573	649	1	BB226_NZ_JAEQDM010000008.1	NODE_1043_length_649_cov_1.466330	98.77	True	True
297063	297711	1	649	EC031_NZ_JAERJC010000001.1	NODE_1043_length_649_cov_1.466330	98.77	True	True
80318	80966	1	649	EC034_NZ_JAERJB010000009.1	NODE_1043_length_649_cov_1.466330	98.77	True	True
2333	2981	1	649	CIP110549_fig_1392540.14.peg.376	NODE_1043_length_649_cov_1.466330	98.46	True	True
19099	19747	649	1	BB362_NZ_JAEQDL010000004.1	NODE_1043_length_649_cov_1.466330	98.15	True	True
CONTIG	NODE_1043_length_649_cov_1.466330	649	ambiguous
55	278	224	1	A39_fig_1219382.3.peg.167	NODE_1044_length_648_cov_2.123103	95.98		False
185086	185309	224	1	BB362_NZ_JAEQDL010000001.1	NODE_1044_length_648_cov_2.123103	95.54		False
55	278	224	1	CIP110549_fig_1392540.14.peg.1179	NODE_1044_length_648_cov_2.123103	96.43		True
CONTIG	NODE_1044_length_648_cov_2.123103	648	correct
555	1202	1	648	CIP110549_fig_1392540.14.peg.2082	NODE_1045_length_648_cov_2.114671	98.61	True	True
93	740	1	648	A39_fig_1219382.3.peg.1910	NODE_1045_length_648_cov_2.114671	98.46	True	True
CONTIG	NODE_1045_length_648_cov_2.114671	648	ambiguous
71730	72377	1	648	EC031_NZ_JAERJC010000006.1	NODE_1046_length_648_cov_1.160202	98.46	True	True
84812	85459	648	1	EC034_NZ_JAERJB010000007.1	NODE_1046_length_648_cov_1.160202	98.46	True	True
16018	16665	1	648	BB226_NZ_JAEQDM010000010.1	NODE_1046_length_648_cov_1.160202	98.46	True	True
20264	20911	1	648	BB362_NZ_JAEQDL010000029.1	NODE_1046_length_648_cov_1.160202	98.3	True	True
CONTIG	NODE_1046_length_648_cov_1.160202	648	ambiguous
39874	40520	647	1	BB226_NZ_JAEQDM010000017.1	NODE_1047_length_647_cov_2.690878	98.92	True	True
30001	30646	646	1	EC031_NZ_JAERJC010000013.1	NODE_1047_length_647_cov_2.690878	98.61	True	True
30001	30646	646	1	EC034_NZ_JAERJB010000016.1	NODE_1047_length_647_cov_2.690878	98.61	True	True
21120	21760	641	1	BB362_NZ_JAEQDL010000009.1	NODE_1047_length_647_cov_2.690878	99.06	True	True
CONTIG	NODE_1047_length_647_cov_2.690878	647	ambiguous
35154	35794	641	1	BB226_NZ_JAEQDM010000008.1	NODE_1048_length_647_cov_2.111486	97.35	True	True
35308	35948	641	1	BB362_NZ_JAEQDL010000004.1	NODE_1048_length_647_cov_2.111486	97.19	True	True
64092	64730	3	641	EC034_NZ_JAERJB010000009.1	NODE_1048_length_647_cov_2.111486	97.34	True	True
280837	281475	3	641	EC031_NZ_JAERJC010000001.1	NODE_1048_length_647_cov_2.111486	97.34	True	True
CONTIG	NODE_1048_length_647_cov_2.111486	647	ambiguous
37064	37709	1	647	BB226_NZ_JAEQDM010000018.1	NODE_1049_length_647_cov_1.925676	99.54	True	True
15204	15849	1	647	EC031_NZ_JAERJC010000010.1	NODE_1049_length_647_cov_1.925676	99.23	True	True
95606	96251	647	1	EC034_NZ_JAERJB010000006.1	NODE_1049_length_647_cov_1.925676	99.23	True	True
65379	66024	647	1	BB362_NZ_JAEQDL010000006.1	NODE_1049_length_647_cov_1.925676	98.76	True	True
CONTIG	NODE_1049_length_647_cov_1.925676	647	ambiguous
13535	14181	647	1	BB362_NZ_JAEQDL010000009.1	NODE_1050_length_647_cov_1.452703	97.53		True
CONTIG	NODE_1050_length_647_cov_1.452703	647	correct
37744	38398	5	647	BB226_NZ_JAEQDM010000006.1	NODE_1051_length_647_cov_1.288851	96.49	True	True
289	943	5	647	A39_fig_1219382.3.peg.549	NODE_1051_length_647_cov_1.288851	96.34	True	True
289	943	5	647	CIP110549_fig_1392540.14.peg.843	NODE_1051_length_647_cov_1.288851	96.18	True	True
70863	71512	642	5	EC031_NZ_JAERJC010000001.1	NODE_1051_length_647_cov_1.288851	96.77	True	True
55052	55701	5	642	EC034_NZ_JAERJB010000005.1	NODE_1051_length_647_cov_1.288851	96.77	True	True
4793	5447	647	5	BB362_NZ_JAEQDL010000007.1	NODE_1051_length_647_cov_1.288851	95.73	True	True
CONTIG	NODE_1051_length_647_cov_1.288851	647	ambiguous
5104	5743	7	646	EC034_NZ_JAERJB010000045.1	NODE_1052_length_646_cov_7.047377	98.91	True	True
5104	5743	7	646	EC031_NZ_JAERJC010000033.1	NODE_1052_length_646_cov_7.047377	98.91	True	True
CONTIG	NODE_1052_length_646_cov_7.047377	646	ambiguous
CONTIG	NODE_1053_length_646_cov_2.304569	646	unaligned
4123	4763	646	1	BB226_NZ_JAEQDM010000020.1	NODE_1054_length_646_cov_1.969543	96.77	True	True
49182	49822	1	646	EC031_NZ_JAERJC010000006.1	NODE_1054_length_646_cov_1.969543	95.85	True	True
107367	108007	646	1	EC034_NZ_JAERJB010000007.1	NODE_1054_length_646_cov_1.969543	95.85	True	True
CONTIG	NODE_1054_length_646_cov_1.969543	646	ambiguous
93277	93922	1	646	BB226_NZ_JAEQDM010000007.1	NODE_1055_length_646_cov_1.796954	97.68	True	True
4601	5244	3	646	SCC477_NZ_VTDQ01000049.1	NODE_1055_length_646_cov_1.796954	97.67	True	True
CONTIG	NODE_1055_length_646_cov_1.796954	646	ambiguous
27561	28200	1	640	BB226_NZ_JAEQDM010000018.1	NODE_1056_length_646_cov_1.678511	98.44	True	True
5698	6337	1	640	EC031_NZ_JAERJC010000010.1	NODE_1056_length_646_cov_1.678511	97.5	True	True
105118	105757	640	1	EC034_NZ_JAERJB010000006.1	NODE_1056_length_646_cov_1.678511	97.5	True	True
CONTIG	NODE_1056_length_646_cov_1.678511	646	ambiguous
877	1522	1	646	CIP110549_fig_1392540.14.peg.1439	NODE_1057_length_646_cov_1.487310	99.69		True
CONTIG	NODE_1057_length_646_cov_1.487310	646	correct
9641	10285	645	1	BB226_NZ_JAEQDM010000023.1	NODE_1058_length_645_cov_2.033898	97.52	True	True
130310	130954	1	645	BB362_NZ_JAEQDL010000003.1	NODE_1058_length_645_cov_2.033898	97.52	True	True
134746	135384	1	642	EC034_NZ_JAERJB010000002.1	NODE_1058_length_645_cov_2.033898	97.82	True	True
9428	10066	642	1	EC031_NZ_JAERJC010000020.1	NODE_1058_length_645_cov_2.033898	97.82	True	True
CONTIG	NODE_1058_length_645_cov_2.033898	645	ambiguous
112	756	1	645	A39_fig_1219382.3.peg.1090	NODE_1059_length_645_cov_1.918644	98.91	True	True
112	756	1	645	CIP110549_fig_1392540.14.peg.1416	NODE_1059_length_645_cov_1.918644	98.6	True	True
76570	77211	645	1	BB362_NZ_JAEQDL010000002.1	NODE_1059_length_645_cov_1.918644	98.45	True	True
CONTIG	NODE_1059_length_645_cov_1.918644	645	ambiguous
99064	99708	645	1	EC031_NZ_JAERJC010000001.1	NODE_1060_length_645_cov_1.400000	97.67	True	True
26856	27500	1	645	EC034_NZ_JAERJB010000005.1	NODE_1060_length_645_cov_1.400000	97.67	True	True
9552	10188	9	645	BB226_NZ_JAEQDM010000006.1	NODE_1060_length_645_cov_1.400000	97.96	True	True
CONTIG	NODE_1060_length_645_cov_1.400000	645	ambiguous
CONTIG	NODE_1061_length_645_cov_1.381356	645	unaligned
CONTIG	NODE_1062_length_645_cov_1.293220	645	unaligned
CONTIG	NODE_1063_length_645_cov_1.076271	645	unaligned
119370	120013	644	1	EC034_NZ_JAERJB010000003.1	NODE_1064_length_644_cov_1.835314	97.83	True	True
119362	120005	644	1	EC031_NZ_JAERJC010000007.1	NODE_1064_length_644_cov_1.835314	97.83	True	True
65997	66640	644	1	BB362_NZ_JAEQDL010000005.1	NODE_1064_length_644_cov_1.835314	97.67	True	True
14761	15402	1	642	BB226_NZ_JAEQDM010000014.1	NODE_1064_length_644_cov_1.835314	97.51	True	True
CONTIG	NODE_1064_length_644_cov_1.835314	644	ambiguous
252	895	1	644	CIP110549_fig_1392540.14.peg.1396	NODE_1065_length_644_cov_1.570458	98.6	True	True
29055	29698	1	644	EC031_NZ_JAERJC010000005.1	NODE_1065_length_644_cov_1.570458	97.98	True	True
19859	20502	1	644	EC034_NZ_JAERJB010000008.1	NODE_1065_length_644_cov_1.570458	97.98	True	True
28402	29041	5	644	BB226_NZ_JAEQDM010000004.1	NODE_1065_length_644_cov_1.570458	98.28	True	True
CONTIG	NODE_1065_length_644_cov_1.570458	644	ambiguous
219904	220546	1	643	EC031_NZ_JAERJC010000001.1	NODE_1066_length_643_cov_2.234694	97.98	True	True
3159	3801	1	643	EC034_NZ_JAERJB010000009.1	NODE_1066_length_643_cov_2.234694	97.98	True	True
882	1524	1	643	A39_fig_1219382.3.peg.688	NODE_1066_length_643_cov_2.234694	97.52	True	True
882	1524	1	643	CIP110549_fig_1392540.14.peg.301	NODE_1066_length_643_cov_2.234694	97.05	True	True
CONTIG	NODE_1066_length_643_cov_2.234694	643	ambiguous
90905	91542	643	6	BB226_NZ_JAEQDM010000003.1	NODE_1067_length_643_cov_1.957483	98.9	True	True
42034	42671	643	6	BB362_NZ_JAEQDL010000016.1	NODE_1067_length_643_cov_1.957483	98.75	True	True
43374	44012	6	643	EC031_NZ_JAERJC010000014.1	NODE_1067_length_643_cov_1.957483	98.44	True	True
43374	44012	6	643	EC034_NZ_JAERJB010000018.1	NODE_1067_length_643_cov_1.957483	98.44	True	True
CONTIG	NODE_1067_length_643_cov_1.957483	643	ambiguous
1114	1374	639	379	A39_fig_1219382.3.peg.2521	NODE_1068_length_643_cov_1.389456	96.55		True
CONTIG	NODE_1068_length_643_cov_1.389456	643	correct
CONTIG	NODE_1069_length_643_cov_1.367347	643	unaligned
62717	63357	642	1	BB226_NZ_JAEQDM010000012.1	NODE_1070_length_642_cov_2.241908	99.69		True
CONTIG	NODE_1070_length_642_cov_2.241908	642	correct
97159	97809	1	642	EC034_NZ_JAERJB010000001.1	NODE_1071_length_642_cov_2.241908	95.25	True	True
94561	95211	642	1	EC031_NZ_JAERJC010000003.1	NODE_1071_length_642_cov_2.241908	95.25	True	True
95776	96426	1	642	BB226_NZ_JAEQDM010000002.1	NODE_1071_length_642_cov_2.241908	94.62	True	True
CONTIG	NODE_1071_length_642_cov_2.241908	642	ambiguous
180322	180963	1	642	EC031_NZ_JAERJC010000001.1	NODE_1072_length_642_cov_2.158433	97.98	True	True
34214	34855	642	1	EC034_NZ_JAERJB010000010.1	NODE_1072_length_642_cov_2.158433	97.98	True	True
CONTIG	NODE_1072_length_642_cov_2.158433	642	ambiguous
5216	5857	1	642	BB362_NZ_JAEQDL010000043.1	NODE_1073_length_642_cov_1.884157	98.6	True	True
111617	112258	1	642	BB226_NZ_JAEQDM010000001.1	NODE_1073_length_642_cov_1.884157	98.13	True	True
39598	40239	1	642	EC031_NZ_JAERJC010000011.1	NODE_1073_length_642_cov_1.884157	97.98	True	True
27027	27668	1	642	EC034_NZ_JAERJB010000014.1	NODE_1073_length_642_cov_1.884157	97.98	True	True
CONTIG	NODE_1073_length_642_cov_1.884157	642	ambiguous
49500	50141	642	1	BB362_NZ_JAEQDL010000012.1	NODE_1074_length_642_cov_1.528109	97.04	True	True
12166	12807	642	1	BB226_NZ_JAEQDM010000029.1	NODE_1074_length_642_cov_1.528109	97.04	True	True
CONTIG	NODE_1074_length_642_cov_1.528109	642	ambiguous
328	969	642	1	A39_fig_1219382.3.peg.1240	NODE_1075_length_642_cov_1.201022	99.53	True	True
58385	59026	642	1	BB362_NZ_JAEQDL010000005.1	NODE_1075_length_642_cov_1.201022	99.07	True	True
328	969	642	1	CIP110549_fig_1392540.14.peg.1265	NODE_1075_length_642_cov_1.201022	98.91	True	True
CONTIG	NODE_1075_length_642_cov_1.201022	642	ambiguous
41067	41708	1	642	BB226_NZ_JAEQDM010000002.1	NODE_1076_length_642_cov_1.182283	98.6	True	True
40002	40643	1	642	EC034_NZ_JAERJB010000001.1	NODE_1076_length_642_cov_1.182283	98.13	True	True
151727	152368	642	1	EC031_NZ_JAERJC010000003.1	NODE_1076_length_642_cov_1.182283	98.13	True	True
3543	4184	642	1	BB362_NZ_JAEQDL010000045.1	NODE_1076_length_642_cov_1.182283	97.67	True	True
CONTIG	NODE_1076_length_642_cov_1.182283	642	ambiguous
126164	126804	641	1	EC031_NZ_JAERJC010000005.1	NODE_1077_length_641_cov_1.996587	99.06	True	True
13783	14423	641	1	EC034_NZ_JAERJB010000021.1	NODE_1077_length_641_cov_1.996587	99.06	True	True
727	1365	1	639	CIP110549_fig_1392540.14.peg.1482	NODE_1077_length_641_cov_1.996587	99.22	True	True
727	1365	1	639	A39_fig_1219382.3.peg.1022	NODE_1077_length_641_cov_1.996587	99.06	True	True
3600	4240	641	1	BB226_NZ_JAEQDM010000015.1	NODE_1077_length_641_cov_1.996587	98.44	True	True
CONTIG	NODE_1077_length_641_cov_1.996587	641	ambiguous
63655	64295	641	1	EC034_NZ_JAERJB010000015.1	NODE_1078_length_641_cov_1.950512	97.66	True	True
148262	148902	1	641	EC031_NZ_JAERJC010000004.1	NODE_1078_length_641_cov_1.950512	97.66	True	True
1724	2364	1	641	BB226_NZ_JAEQDM010000003.1	NODE_1078_length_641_cov_1.950512	97.19	True	True
7298	7938	1	641	BB362_NZ_JAEQDL010000011.1	NODE_1078_length_641_cov_1.950512	96.72	True	True
CONTIG	NODE_1078_length_641_cov_1.950512	641	ambiguous
63637	64277	641	1	BB226_NZ_JAEQDM010000003.1	NODE_1079_length_641_cov_1.687713	96.41	True	True
14737	15377	641	1	BB362_NZ_JAEQDL010000016.1	NODE_1079_length_641_cov_1.687713	95.94	True	True
211972	212612	641	1	EC031_NZ_JAERJC010000004.1	NODE_1079_length_641_cov_1.687713	95.79	True	True
CONTIG	NODE_1079_length_641_cov_1.687713	641	ambiguous
204	844	1	641	A39_fig_1219382.3.peg.1720	NODE_1080_length_641_cov_1.279863	98.91	True	True
204	844	1	641	CIP110549_fig_1392540.14.peg.22	NODE_1080_length_641_cov_1.279863	98.75	True	True
52482	53122	1	641	BB226_NZ_JAEQDM010000010.1	NODE_1080_length_641_cov_1.279863	98.6	True	True
48494	49134	641	1	EC034_NZ_JAERJB010000007.1	NODE_1080_length_641_cov_1.279863	98.13	True	True
108055	108695	1	641	EC031_NZ_JAERJC010000006.1	NODE_1080_length_641_cov_1.279863	98.13	True	True
CONTIG	NODE_1080_length_641_cov_1.279863	641	ambiguous
113596	114227	632	1	EC034_NZ_JAERJB010000002.1	NODE_1081_length_640_cov_2.176068	97.47		True
CONTIG	NODE_1081_length_640_cov_2.176068	640	correct
457	1080	640	17	CIP110549_fig_1392540.14.peg.791	NODE_1082_length_640_cov_1.705983	99.04		False
457	1080	640	17	A39_fig_1219382.3.peg.601	NODE_1082_length_640_cov_1.705983	99.04		True
CONTIG	NODE_1082_length_640_cov_1.705983	640	correct
60757	61390	1	634	BB226_NZ_JAEQDM010000001.1	NODE_1083_length_640_cov_1.500855	98.42	True	True
12230	12863	1	634	BB362_NZ_JAEQDL010000026.1	NODE_1083_length_640_cov_1.500855	98.26	True	True
101463	102096	1	634	EC031_NZ_JAERJC010000010.1	NODE_1083_length_640_cov_1.500855	97.95	True	True
9359	9992	634	1	EC034_NZ_JAERJB010000006.1	NODE_1083_length_640_cov_1.500855	97.95	True	True
CONTIG	NODE_1083_length_640_cov_1.500855	640	ambiguous
48903	49541	1	639	BB226_NZ_JAEQDM010000003.1	NODE_1084_length_640_cov_1.083761	98.44	True	True
2171	2810	640	1	CIP110549_fig_1392540.14.peg.1786	NODE_1084_length_640_cov_1.083761	98.12	True	True
2171	2810	640	1	A39_fig_1219382.3.peg.2141	NODE_1084_length_640_cov_1.083761	98.12	True	True
CONTIG	NODE_1084_length_640_cov_1.083761	640	ambiguous
587	1218	1	632	BB226_NZ_JAEQDM010000063.1	NODE_1085_length_639_cov_2.621575	98.1		True
CONTIG	NODE_1085_length_639_cov_2.621575	639	correct
498	1136	1	639	ANC4422_fig_1219383.5.peg.1996	NODE_1086_length_639_cov_2.292808	97.34		True
CONTIG	NODE_1086_length_639_cov_2.292808	639	correct
CONTIG	NODE_1087_length_639_cov_2.203767	639	unaligned
10309	10942	634	1	EC031_NZ_JAERJC010000017.1	NODE_1088_length_639_cov_1.270548	96.53	True	True
10309	10942	634	1	EC034_NZ_JAERJB010000033.1	NODE_1088_length_639_cov_1.270548	96.53	True	True
244	877	1	634	BB226_NZ_JAEQDM010000057.1	NODE_1088_length_639_cov_1.270548	96.21	True	True
CONTIG	NODE_1088_length_639_cov_1.270548	639	ambiguous
220	857	1	638	CIP110549_fig_1392540.14.peg.776	NODE_1089_length_638_cov_1.939966	97.81	True	True
65182	65819	638	1	BB226_NZ_JAEQDM010000016.1	NODE_1089_length_638_cov_1.939966	97.34	True	True
224	856	5	637	A39_fig_1219382.3.peg.614	NODE_1089_length_638_cov_1.939966	97.95	True	True
137166	137802	1	638	EC031_NZ_JAERJC010000001.1	NODE_1089_length_638_cov_1.939966	97.18	True	True
77375	78011	638	1	EC034_NZ_JAERJB010000010.1	NODE_1089_length_638_cov_1.939966	97.18	True	True
CONTIG	NODE_1089_length_638_cov_1.939966	638	ambiguous
3978	4615	1	638	BB362_NZ_JAEQDL010000012.1	NODE_1090_length_638_cov_1.881647	98.9	True	True
1191	1828	638	1	CIP110549_fig_1392540.14.peg.1494	NODE_1090_length_638_cov_1.881647	98.28	True	True
CONTIG	NODE_1090_length_638_cov_1.881647	638	ambiguous
4739	5376	1	638	BB226_NZ_JAEQDM010000006.1	NODE_1091_length_638_cov_1.720412	98.12	True	True
103875	104512	638	1	EC031_NZ_JAERJC010000001.1	NODE_1091_length_638_cov_1.720412	97.34	True	True
22052	22689	1	638	EC034_NZ_JAERJB010000005.1	NODE_1091_length_638_cov_1.720412	97.34	True	True
35760	36397	638	1	BB362_NZ_JAEQDL010000007.1	NODE_1091_length_638_cov_1.720412	97.18	True	True
115	752	1	638	A39_fig_1219382.3.peg.583	NODE_1091_length_638_cov_1.720412	97.18	True	True
CONTIG	NODE_1091_length_638_cov_1.720412	638	ambiguous
92105	92750	638	1	BB226_NZ_JAEQDM010000002.1	NODE_1092_length_638_cov_1.368782	94.13	True	True
98237	98882	1	638	EC031_NZ_JAERJC010000003.1	NODE_1092_length_638_cov_1.368782	93.66	True	True
93488	94133	638	1	EC034_NZ_JAERJB010000001.1	NODE_1092_length_638_cov_1.368782	93.66	True	True
17827	18472	1	638	BB362_NZ_JAEQDL010000008.1	NODE_1092_length_638_cov_1.368782	93.51	True	True
CONTIG	NODE_1092_length_638_cov_1.368782	638	ambiguous
95782	96418	637	1	BB362_NZ_JAEQDL010000002.1	NODE_1093_length_637_cov_3.828179	99.37	True	True
75420	76056	637	1	BB226_NZ_JAEQDM010000004.1	NODE_1093_length_637_cov_3.828179	98.43	True	True
CONTIG	NODE_1093_length_637_cov_3.828179	637	ambiguous
839	1158	1	320	CIP110549_fig_1392540.14.peg.2524	NODE_1094_length_637_cov_2.884880	98.75		True
CONTIG	NODE_1094_length_637_cov_2.884880	637	correct
52	428	466	90	A39_fig_1219382.3.peg.94	NODE_1095_length_637_cov_1.737113	91.25		True
CONTIG	NODE_1095_length_637_cov_1.737113	637	correct
6572	7208	637	1	BB362_NZ_JAEQDL010000015.1	NODE_1096_length_637_cov_1.585911	99.37		True
CONTIG	NODE_1096_length_637_cov_1.585911	637	correct
137567	138203	1	637	BB362_NZ_JAEQDL010000001.1	NODE_1097_length_637_cov_1.565292	99.37	True	True
14311	14947	1	637	EC034_NZ_JAERJB010000004.1	NODE_1097_length_637_cov_1.565292	99.06	True	True
10993	11629	1	637	EC031_NZ_JAERJC010000008.1	NODE_1097_length_637_cov_1.565292	99.06	True	True
CONTIG	NODE_1097_length_637_cov_1.565292	637	ambiguous
19623	20258	1	636	BB226_NZ_JAEQDM010000025.1	NODE_1098_length_636_cov_1.881239	98.11		True
CONTIG	NODE_1098_length_636_cov_1.881239	636	correct
CONTIG	NODE_1099_length_636_cov_1.370052	636	unaligned
CONTIG	NODE_1100_length_636_cov_1.043029	636	unaligned
45579	46213	635	1	EC115_NZ_VTDP01000003.1	NODE_1101_length_635_cov_1.058621	99.37	True	True
256197	256831	1	635	EC24_NZ_VTDO01000004.1	NODE_1101_length_635_cov_1.058621	99.37	True	True
CONTIG	NODE_1101_length_635_cov_1.058621	635	ambiguous
1432	2066	1	634	EC034_NZ_JAERJB010000017.1	NODE_1102_length_634_cov_2.246978	97.95	True	True
53485	54119	634	1	EC031_NZ_JAERJC010000015.1	NODE_1102_length_634_cov_2.246978	97.95	True	True
34043	34677	634	1	BB362_NZ_JAEQDL010000021.1	NODE_1102_length_634_cov_2.246978	97.95	True	True
CONTIG	NODE_1102_length_634_cov_2.246978	634	ambiguous
43252	43885	1	634	EC034_NZ_JAERJB010000019.1	NODE_1103_length_634_cov_2.077720	99.68	True	True
95333	95966	634	1	EC031_NZ_JAERJC010000002.1	NODE_1103_length_634_cov_2.077720	99.68	True	True
11695	12328	634	1	BB226_NZ_JAEQDM010000011.1	NODE_1103_length_634_cov_2.077720	99.53	True	True
CONTIG	NODE_1103_length_634_cov_2.077720	634	ambiguous
CONTIG	NODE_1104_length_634_cov_1.647668	634	unaligned
CONTIG	NODE_1105_length_634_cov_0.975820	634	unaligned
4517	5149	1	633	BB362_NZ_JAEQDL010000044.1	NODE_1106_length_633_cov_2.581315	98.89	True	True
64	696	1	633	A39_fig_1219382.3.peg.1306	NODE_1106_length_633_cov_2.581315	98.58	True	True
64	696	1	633	CIP110549_fig_1392540.14.peg.172	NODE_1106_length_633_cov_2.581315	98.26	True	True
CONTIG	NODE_1106_length_633_cov_2.581315	633	ambiguous
142166	142798	1	633	EC031_NZ_JAERJC010000004.1	NODE_1107_length_633_cov_2.427336	98.42	True	True
2026	2658	633	1	EC034_NZ_JAERJB010000027.1	NODE_1107_length_633_cov_2.427336	98.42	True	True
1207	1836	3	633	BB362_NZ_JAEQDL010000011.1	NODE_1107_length_633_cov_2.427336	97.94	True	True
CONTIG	NODE_1107_length_633_cov_2.427336	633	ambiguous
120123	120751	5	633	BB362_NZ_JAEQDL010000003.1	NODE_1108_length_633_cov_2.301038	99.21	True	True
124413	125041	5	633	EC034_NZ_JAERJB010000002.1	NODE_1108_length_633_cov_2.301038	98.57	True	True
19771	20399	633	5	EC031_NZ_JAERJC010000020.1	NODE_1108_length_633_cov_2.301038	98.57	True	True
CONTIG	NODE_1108_length_633_cov_2.301038	633	ambiguous
4207	4839	1	633	BB362_NZ_JAEQDL010000063.1	NODE_1109_length_633_cov_2.295848	99.53		True
CONTIG	NODE_1109_length_633_cov_2.295848	633	correct
5329	5820	492	1	BB226_NZ_JAEQDM010000040.1	NODE_1110_length_633_cov_1.809689	94.72		True
CONTIG	NODE_1110_length_633_cov_1.809689	633	correct
29184	29805	632	11	EC031_NZ_JAERJC010000006.1	NODE_1111_length_632_cov_2.478336	98.39		False
28887	29508	632	11	EC034_NZ_JAERJB010000022.1	NODE_1111_length_632_cov_2.478336	98.39		False
24147	24768	11	632	BB226_NZ_JAEQDM010000020.1	NODE_1111_length_632_cov_2.478336	99.2		True
CONTIG	NODE_1111_length_632_cov_2.478336	632	correct
41378	42007	4	632	BB226_NZ_JAEQDM010000001.1	NODE_1112_length_632_cov_2.013865	98.57	True	True
5319	5948	632	4	BB362_NZ_JAEQDL010000006.1	NODE_1112_length_632_cov_2.013865	97.62	True	True
CONTIG	NODE_1112_length_632_cov_2.013865	632	ambiguous
69075	69706	632	1	EC034_NZ_JAERJB010000007.1	NODE_1113_length_632_cov_2.005199	99.05	True	True
87483	88114	1	632	EC031_NZ_JAERJC010000006.1	NODE_1113_length_632_cov_2.005199	99.05	True	True
667	1292	1	626	CIP110549_fig_1392540.14.peg.105	NODE_1113_length_632_cov_2.005199	99.68	True	True
667	1298	1	632	A39_fig_1219382.3.peg.2415	NODE_1113_length_632_cov_2.005199	98.58	True	True
7216	7847	1	632	BB362_NZ_JAEQDL010000018.1	NODE_1113_length_632_cov_2.005199	98.42	True	True
31940	32565	1	626	BB226_NZ_JAEQDM010000010.1	NODE_1113_length_632_cov_2.005199	99.04	True	True
CONTIG	NODE_1113_length_632_cov_2.005199	632	ambiguous
205	836	1	632	CIP110549_fig_1392540.14.peg.1167	NODE_1114_length_632_cov_2.000000	98.89	True	True
43327	43958	1	632	EC031_NZ_JAERJC010000008.1	NODE_1114_length_632_cov_2.000000	98.1	True	True
46645	47276	1	632	EC034_NZ_JAERJB010000004.1	NODE_1114_length_632_cov_2.000000	98.1	True	True
45451	46082	1	632	BB226_NZ_JAEQDM010000013.1	NODE_1114_length_632_cov_2.000000	97.94	True	True
CONTIG	NODE_1114_length_632_cov_2.000000	632	ambiguous
215	846	632	1	CIP110549_fig_1392540.14.peg.1128	NODE_1115_length_632_cov_1.752166	99.05	True	True
4915	5546	632	1	BB226_NZ_JAEQDM010000013.1	NODE_1115_length_632_cov_1.752166	98.1	True	True
CONTIG	NODE_1115_length_632_cov_1.752166	632	ambiguous
58293	58918	7	632	BB226_NZ_JAEQDM010000007.1	NODE_1116_length_632_cov_1.554593	98.88	True	True
461	1086	632	7	CIP110549_fig_1392540.14.peg.665	NODE_1116_length_632_cov_1.554593	98.72	True	True
CONTIG	NODE_1116_length_632_cov_1.554593	632	ambiguous
508	1139	632	1	CIP110549_fig_1392540.14.peg.580	NODE_1117_length_632_cov_1.440208	100.0		True
CONTIG	NODE_1117_length_632_cov_1.440208	632	correct
162949	163568	631	12	EC034_NZ_JAERJB010000001.1	NODE_1118_length_631_cov_2.149306	98.55		False
28802	29421	12	631	EC031_NZ_JAERJC010000003.1	NODE_1118_length_631_cov_2.149306	98.55		True
CONTIG	NODE_1118_length_631_cov_2.149306	631	correct
90878	91507	631	2	BB226_NZ_JAEQDM010000001.1	NODE_1119_length_631_cov_2.098958	99.05	True	True
18824	19453	631	2	EC031_NZ_JAERJC010000011.1	NODE_1119_length_631_cov_2.098958	98.57	True	True
6259	6888	631	2	EC034_NZ_JAERJB010000014.1	NODE_1119_length_631_cov_2.098958	98.57	True	True
CONTIG	NODE_1119_length_631_cov_2.098958	631	ambiguous
728	1358	631	1	A39_fig_1219382.3.peg.1490	NODE_1120_length_631_cov_1.829861	99.84	True	True
728	1358	631	1	CIP110549_fig_1392540.14.peg.594	NODE_1120_length_631_cov_1.829861	99.84	True	True
122929	123559	1	631	BB226_NZ_JAEQDM010000002.1	NODE_1120_length_631_cov_1.829861	99.37	True	True
CONTIG	NODE_1120_length_631_cov_1.829861	631	ambiguous
5301	5931	631	1	BB226_NZ_JAEQDM010000018.1	NODE_1121_length_631_cov_1.571181	98.26		True
CONTIG	NODE_1121_length_631_cov_1.571181	631	correct
100541	101168	630	3	EC24_NZ_VTDO01000006.1	NODE_1122_length_630_cov_2.523478	97.61		True
CONTIG	NODE_1122_length_630_cov_2.523478	630	correct
26231	26860	630	1	BB226_NZ_JAEQDM010000010.1	NODE_1123_length_630_cov_1.885217	98.57	True	True
81792	82419	628	1	EC031_NZ_JAERJC010000006.1	NODE_1123_length_630_cov_1.885217	98.09	True	True
74770	75397	1	628	EC034_NZ_JAERJB010000007.1	NODE_1123_length_630_cov_1.885217	98.09	True	True
CONTIG	NODE_1123_length_630_cov_1.885217	630	ambiguous
251	880	1	630	CIP110549_fig_1392540.14.peg.857	NODE_1124_length_630_cov_1.554783	99.84	True	True
36761	37390	1	630	BB362_NZ_JAEQDL010000015.1	NODE_1124_length_630_cov_1.554783	99.05	True	True
68031	68660	630	1	EC034_NZ_JAERJB010000005.1	NODE_1124_length_630_cov_1.554783	98.89	True	True
251	880	1	630	A39_fig_1219382.3.peg.535	NODE_1124_length_630_cov_1.554783	98.89	True	True
57904	58533	1	630	EC031_NZ_JAERJC010000001.1	NODE_1124_length_630_cov_1.554783	98.89	True	True
CONTIG	NODE_1124_length_630_cov_1.554783	630	ambiguous
62609	63233	6	630	BB226_NZ_JAEQDM010000014.1	NODE_1125_length_630_cov_1.306087	97.92	True	True
70805	71429	630	6	EC034_NZ_JAERJB010000003.1	NODE_1125_length_630_cov_1.306087	97.92	True	True
70797	71421	630	6	EC031_NZ_JAERJC010000007.1	NODE_1125_length_630_cov_1.306087	97.92	True	True
CONTIG	NODE_1125_length_630_cov_1.306087	630	ambiguous
3	631	2	630	CIP110549_fig_1392540.14.peg.2001	NODE_1126_length_630_cov_1.220870	98.89	True	True
3	631	2	630	A39_fig_1219382.3.peg.2001	NODE_1126_length_630_cov_1.220870	98.73	True	True
3413	4041	2	630	BB226_NZ_JAEQDM010000051.1	NODE_1126_length_630_cov_1.220870	98.41	True	True
3523	4151	2	630	BB362_NZ_JAEQDL010000024.1	NODE_1126_length_630_cov_1.220870	98.41	True	True
CONTIG	NODE_1126_length_630_cov_1.220870	630	ambiguous
1884	2513	1	630	CIP110549_fig_1392540.14.peg.1392	NODE_1127_length_630_cov_1.116522	99.21		True
CONTIG	NODE_1127_length_630_cov_1.116522	630	correct
CONTIG	NODE_1128_length_630_cov_0.968696	630	unaligned
214879	215507	629	1	BB362_NZ_JAEQDL010000001.1	NODE_1129_length_629_cov_1.790941	98.57		True
CONTIG	NODE_1129_length_629_cov_1.790941	629	correct
151	779	1	629	CIP110549_fig_1392540.14.peg.2099	NODE_1130_length_629_cov_1.761324	98.57	True	True
151	779	1	629	A39_fig_1219382.3.peg.1892	NODE_1130_length_629_cov_1.761324	98.09	True	True
CONTIG	NODE_1130_length_629_cov_1.761324	629	ambiguous
CONTIG	NODE_1131_length_629_cov_1.576655	629	unaligned
CONTIG	NODE_1132_length_629_cov_1.024390	629	unaligned
1	554	559	6	A39_fig_1219382.3.peg.1324	NODE_1133_length_628_cov_2.502618	98.74		True
CONTIG	NODE_1133_length_628_cov_2.502618	628	correct
CONTIG	NODE_1134_length_628_cov_2.322862	628	unaligned
3569	4196	628	1	BB362_NZ_JAEQDL010000017.1	NODE_1135_length_628_cov_2.171030	99.68	True	True
37645	38272	1	628	EC034_NZ_JAERJB010000018.1	NODE_1135_length_628_cov_2.171030	99.52	True	True
96643	97270	628	1	BB226_NZ_JAEQDM010000003.1	NODE_1135_length_628_cov_2.171030	99.52	True	True
37645	38272	1	628	EC031_NZ_JAERJC010000014.1	NODE_1135_length_628_cov_2.171030	99.52	True	True
CONTIG	NODE_1135_length_628_cov_2.171030	628	ambiguous
14761	15149	628	240	EC031_NZ_JAERJC010000019.1	NODE_1136_length_628_cov_1.673647	97.69		False
14289	14678	628	240	BB226_NZ_JAEQDM010000025.1	NODE_1136_length_628_cov_1.673647	97.69		False
15218	15457	239	1	EC031_NZ_JAERJC010000019.1	NODE_1136_length_628_cov_1.673647	96.25		False
14747	14986	239	1	BB226_NZ_JAEQDM010000025.1	NODE_1136_length_628_cov_1.673647	95.83		False
15218	15457	239	1	EC034_NZ_JAERJB010000024.1	NODE_1136_length_628_cov_1.673647	96.25		True
indel: indel (> 5bp)
14761	15149	628	240	EC034_NZ_JAERJB010000024.1	NODE_1136_length_628_cov_1.673647	97.69		True
CONTIG	NODE_1136_length_628_cov_1.673647	628	correct
325	952	628	1	A39_fig_1219382.3.peg.138	NODE_1137_length_628_cov_1.109948	99.04	True	True
325	952	628	1	CIP110549_fig_1392540.14.peg.1208	NODE_1137_length_628_cov_1.109948	98.57	True	True
216865	217492	628	1	BB362_NZ_JAEQDL010000001.1	NODE_1137_length_628_cov_1.109948	98.25	True	True
CONTIG	NODE_1137_length_628_cov_1.109948	628	ambiguous
629	864	1	236	A39_fig_1219382.3.peg.1654	NODE_1138_length_627_cov_3.166084	99.15		True
translocation
300	585	627	342	A39_fig_1219382.3.peg.1655	NODE_1138_length_627_cov_3.166084	98.95		True
CONTIG	NODE_1138_length_627_cov_3.166084	627	misassembled
7921	8341	216	627	EC034_NZ_JAERJB010000033.1	NODE_1139_length_627_cov_2.417832	93.6		False
2847	3267	627	216	BB226_NZ_JAEQDM010000057.1	NODE_1139_length_627_cov_2.417832	93.36		False
1	192	25	215	CIP110549_fig_1392540.14.peg.2260	NODE_1139_length_627_cov_2.417832	94.76		True
interspecies translocation
7921	8341	216	627	EC031_NZ_JAERJC010000017.1	NODE_1139_length_627_cov_2.417832	93.6		True
CONTIG	NODE_1139_length_627_cov_2.417832	627	misassembled
71817	72437	626	6	BB226_NZ_JAEQDM010000012.1	NODE_1140_length_626_cov_2.091068	99.03		True
CONTIG	NODE_1140_length_626_cov_2.091068	626	correct
32523	33141	4	623	BB226_NZ_JAEQDM010000002.1	NODE_1141_length_626_cov_1.681261	98.39	True	True
31455	32076	1	623	EC034_NZ_JAERJB010000001.1	NODE_1141_length_626_cov_1.681261	97.91	True	True
160294	160915	623	1	EC031_NZ_JAERJC010000003.1	NODE_1141_length_626_cov_1.681261	97.91	True	True
12110	12728	623	4	BB362_NZ_JAEQDL010000045.1	NODE_1141_length_626_cov_1.681261	97.74	True	True
CONTIG	NODE_1141_length_626_cov_1.681261	626	ambiguous
CONTIG	NODE_1142_length_626_cov_1.257443	626	unaligned
38822	39444	3	625	BB362_NZ_JAEQDL010000019.1	NODE_1143_length_625_cov_2.159649	92.13		True
CONTIG	NODE_1143_length_625_cov_2.159649	625	correct
61526	62150	625	1	BB226_NZ_JAEQDM010000003.1	NODE_1144_length_625_cov_2.012281	99.36	True	True
698	1322	1	625	A39_fig_1219382.3.peg.2133	NODE_1144_length_625_cov_2.012281	99.04	True	True
698	1322	1	625	CIP110549_fig_1392540.14.peg.1778	NODE_1144_length_625_cov_2.012281	98.4	True	True
CONTIG	NODE_1144_length_625_cov_2.012281	625	ambiguous
32	540	1	509	CIP110549_fig_1392540.14.peg.2300	NODE_1145_length_625_cov_1.857895	98.82		True
CONTIG	NODE_1145_length_625_cov_1.857895	625	correct
587	1211	625	1	CIP110549_fig_1392540.14.peg.1663	NODE_1146_length_625_cov_1.731579	99.36		True
CONTIG	NODE_1146_length_625_cov_1.731579	625	correct
105645	106269	1	625	BB362_NZ_JAEQDL010000002.1	NODE_1147_length_625_cov_1.610526	99.36	True	True
85193	85817	1	625	EC031_NZ_JAERJC010000005.1	NODE_1147_length_625_cov_1.610526	98.72	True	True
75997	76621	1	625	EC034_NZ_JAERJB010000008.1	NODE_1147_length_625_cov_1.610526	98.72	True	True
CONTIG	NODE_1147_length_625_cov_1.610526	625	ambiguous
69151	69774	1	624	EC034_NZ_JAERJB010000006.1	NODE_1148_length_624_cov_2.998243	98.4	True	True
41681	42304	624	1	EC031_NZ_JAERJC010000010.1	NODE_1148_length_624_cov_2.998243	98.4	True	True
1126	1749	1	624	A39_fig_1219382.3.peg.1938	NODE_1148_length_624_cov_2.998243	98.08	True	True
44193	44810	7	624	BB362_NZ_JAEQDL010000006.1	NODE_1148_length_624_cov_2.998243	98.54	True	True
1132	1749	7	624	CIP110549_fig_1392540.14.peg.2064	NODE_1148_length_624_cov_2.998243	98.38	True	True
CONTIG	NODE_1148_length_624_cov_2.998243	624	ambiguous
87130	87753	1	624	BB226_NZ_JAEQDM010000010.1	NODE_1149_length_624_cov_2.130053	99.52	True	True
294	917	1	624	A39_fig_1219382.3.peg.1754	NODE_1149_length_624_cov_2.130053	99.04	True	True
11564	12187	1	624	BB362_NZ_JAEQDL010000028.1	NODE_1149_length_624_cov_2.130053	98.88	True	True
140359	140982	1	624	EC031_NZ_JAERJC010000006.1	NODE_1149_length_624_cov_2.130053	98.72	True	True
16207	16830	624	1	EC034_NZ_JAERJB010000007.1	NODE_1149_length_624_cov_2.130053	98.72	True	True
CONTIG	NODE_1149_length_624_cov_2.130053	624	ambiguous
CONTIG	NODE_1150_length_624_cov_1.876977	624	unaligned
316	939	1	624	CIP110549_fig_1392540.14.peg.1246	NODE_1151_length_624_cov_1.513181	99.52	True	True
316	939	1	624	A39_fig_1219382.3.peg.1259	NODE_1151_length_624_cov_1.513181	98.56	True	True
CONTIG	NODE_1151_length_624_cov_1.513181	624	ambiguous
369	980	612	1	CIP110549_fig_1392540.14.peg.2058	NODE_1152_length_624_cov_1.277680	98.69		True
CONTIG	NODE_1152_length_624_cov_1.277680	624	correct
CONTIG	NODE_1153_length_624_cov_0.913884	624	unaligned
9573	10195	1	623	BB362_NZ_JAEQDL010000015.1	NODE_1154_length_623_cov_2.019366	98.88	True	True
77916	78538	623	1	BB226_NZ_JAEQDM010000006.1	NODE_1154_length_623_cov_2.019366	98.56	True	True
95228	95850	623	1	EC034_NZ_JAERJB010000005.1	NODE_1154_length_623_cov_2.019366	98.23	True	True
30714	31336	1	623	EC031_NZ_JAERJC010000001.1	NODE_1154_length_623_cov_2.019366	98.23	True	True
CONTIG	NODE_1154_length_623_cov_2.019366	623	ambiguous
99576	100198	1	623	EC031_NZ_JAERJC010000009.1	NODE_1155_length_623_cov_1.728873	98.39	True	True
12295	12917	623	1	EC034_NZ_JAERJB010000002.1	NODE_1155_length_623_cov_1.728873	98.39	True	True
9405	10025	623	3	BB362_NZ_JAEQDL010000003.1	NODE_1155_length_623_cov_1.728873	98.39	True	True
294	903	623	14	A39_fig_1219382.3.peg.983	NODE_1155_length_623_cov_1.728873	100.0	True	True
CONTIG	NODE_1155_length_623_cov_1.728873	623	ambiguous
618	1184	1	567	A39_fig_1219382.3.peg.2395	NODE_1156_length_623_cov_1.524648	97.18		False
12434	13000	567	1	BB226_NZ_JAEQDM010000010.1	NODE_1156_length_623_cov_1.524648	97.01		False
618	1184	1	567	CIP110549_fig_1392540.14.peg.124	NODE_1156_length_623_cov_1.524648	97.53		True
CONTIG	NODE_1156_length_623_cov_1.524648	623	correct
101703	102319	7	623	EC034_NZ_JAERJB010000005.1	NODE_1157_length_623_cov_1.177817	98.7	True	True
24245	24861	623	7	EC031_NZ_JAERJC010000001.1	NODE_1157_length_623_cov_1.177817	98.7	True	True
3105	3721	623	7	BB362_NZ_JAEQDL010000015.1	NODE_1157_length_623_cov_1.177817	98.7	True	True
376	992	623	7	A39_fig_1219382.3.peg.503	NODE_1157_length_623_cov_1.177817	98.54	True	True
376	992	623	7	CIP110549_fig_1392540.14.peg.888	NODE_1157_length_623_cov_1.177817	98.54	True	True
84391	85007	7	623	BB226_NZ_JAEQDM010000006.1	NODE_1157_length_623_cov_1.177817	97.89	True	True
CONTIG	NODE_1157_length_623_cov_1.177817	623	ambiguous
CONTIG	NODE_1158_length_622_cov_1.495591	622	unaligned
66951	67572	622	1	BB226_NZ_JAEQDM010000002.1	NODE_1159_length_622_cov_1.455026	100.0	True	True
43004	43625	1	622	BB362_NZ_JAEQDL010000008.1	NODE_1159_length_622_cov_1.455026	99.84	True	True
123398	124019	1	622	EC031_NZ_JAERJC010000003.1	NODE_1159_length_622_cov_1.455026	99.84	True	True
68351	68972	622	1	EC034_NZ_JAERJB010000001.1	NODE_1159_length_622_cov_1.455026	99.84	True	True
CONTIG	NODE_1159_length_622_cov_1.455026	622	ambiguous
8323	8943	621	1	EC031_NZ_JAERJC010000020.1	NODE_1160_length_621_cov_2.060071	97.1	True	True
135869	136489	1	621	EC034_NZ_JAERJB010000002.1	NODE_1160_length_621_cov_2.060071	97.1	True	True
8539	9159	621	1	BB226_NZ_JAEQDM010000023.1	NODE_1160_length_621_cov_2.060071	96.94	True	True
131436	132056	1	621	BB362_NZ_JAEQDL010000003.1	NODE_1160_length_621_cov_2.060071	96.62	True	True
CONTIG	NODE_1160_length_621_cov_2.060071	621	ambiguous
1091	1711	1	621	A39_fig_1219382.3.peg.543	NODE_1161_length_621_cov_1.531802	99.03	True	True
44144	44764	1	621	BB226_NZ_JAEQDM010000006.1	NODE_1161_length_621_cov_1.531802	98.55	True	True
1091	1711	1	621	CIP110549_fig_1392540.14.peg.849	NODE_1161_length_621_cov_1.531802	98.23	True	True
CONTIG	NODE_1161_length_621_cov_1.531802	621	ambiguous
42586	43205	1	620	EC034_NZ_JAERJB010000001.1	NODE_1162_length_620_cov_2.109735	99.19	True	True
149165	149784	620	1	EC031_NZ_JAERJC010000003.1	NODE_1162_length_620_cov_2.109735	99.19	True	True
43656	44270	6	620	BB226_NZ_JAEQDM010000002.1	NODE_1162_length_620_cov_2.109735	99.51	True	True
CONTIG	NODE_1162_length_620_cov_2.109735	620	ambiguous
9	628	620	1	CIP110549_fig_1392540.14.peg.109	NODE_1163_length_620_cov_1.619469	99.84		True
CONTIG	NODE_1163_length_620_cov_1.619469	620	correct
39189	39807	1	619	BB226_NZ_JAEQDM010000018.1	NODE_1164_length_619_cov_2.758865	99.35	True	True
63282	63900	619	1	BB362_NZ_JAEQDL010000006.1	NODE_1164_length_619_cov_2.758865	98.71	True	True
CONTIG	NODE_1164_length_619_cov_2.758865	619	ambiguous
130986	131604	619	1	BB362_NZ_JAEQDL010000002.1	NODE_1165_length_619_cov_1.927305	98.38	True	True
118537	119155	619	1	BB226_NZ_JAEQDM010000004.1	NODE_1165_length_619_cov_1.927305	98.22	True	True
100589	101207	619	1	EC034_NZ_JAERJB010000008.1	NODE_1165_length_619_cov_1.927305	97.74	True	True
109785	110403	619	1	EC031_NZ_JAERJC010000005.1	NODE_1165_length_619_cov_1.927305	97.74	True	True
CONTIG	NODE_1165_length_619_cov_1.927305	619	ambiguous
30922	31494	47	619	SCC477_NZ_VTDQ01000025.1	NODE_1166_length_619_cov_1.361702	94.76		True
CONTIG	NODE_1166_length_619_cov_1.361702	619	correct
289	906	1	618	CIP110549_fig_1392540.14.peg.103	NODE_1167_length_618_cov_2.316163	99.68		True
CONTIG	NODE_1167_length_618_cov_2.316163	618	correct
56138	56755	618	1	EC034_NZ_JAERJB010000003.1	NODE_1168_length_618_cov_1.932504	99.19	True	True
56130	56747	618	1	EC031_NZ_JAERJC010000007.1	NODE_1168_length_618_cov_1.932504	99.19	True	True
CONTIG	NODE_1168_length_618_cov_1.932504	618	ambiguous
41201	41818	618	1	EC031_NZ_JAERJC010000008.1	NODE_1169_length_618_cov_1.769094	97.09	True	True
44519	45136	618	1	EC034_NZ_JAERJB010000004.1	NODE_1169_length_618_cov_1.769094	97.09	True	True
CONTIG	NODE_1169_length_618_cov_1.769094	618	ambiguous
783	1400	1	618	CIP110549_fig_1392540.14.peg.579	NODE_1170_length_618_cov_1.673179	99.68	True	True
783	1400	1	618	A39_fig_1219382.3.peg.1506	NODE_1170_length_618_cov_1.673179	99.68	True	True
CONTIG	NODE_1170_length_618_cov_1.673179	618	ambiguous
118024	118641	618	1	EC034_NZ_JAERJB010000003.1	NODE_1171_length_618_cov_1.454707	99.84	True	True
16132	16749	1	618	BB226_NZ_JAEQDM010000014.1	NODE_1171_length_618_cov_1.454707	99.84	True	True
64652	65269	618	1	BB362_NZ_JAEQDL010000005.1	NODE_1171_length_618_cov_1.454707	99.84	True	True
118016	118633	618	1	EC031_NZ_JAERJC010000007.1	NODE_1171_length_618_cov_1.454707	99.84	True	True
CONTIG	NODE_1171_length_618_cov_1.454707	618	ambiguous
84766	85383	618	1	BB226_NZ_JAEQDM010000010.1	NODE_1172_length_618_cov_1.429840	98.54	True	True
9200	9817	618	1	BB362_NZ_JAEQDL010000028.1	NODE_1172_length_618_cov_1.429840	98.38	True	True
137995	138612	618	1	EC031_NZ_JAERJC010000006.1	NODE_1172_length_618_cov_1.429840	98.06	True	True
18577	19194	1	618	EC034_NZ_JAERJB010000007.1	NODE_1172_length_618_cov_1.429840	98.06	True	True
CONTIG	NODE_1172_length_618_cov_1.429840	618	ambiguous
39748	40316	1	569	BB226_NZ_JAEQDM010000003.1	NODE_1173_length_618_cov_1.337478	98.77		False
188078	188646	1	569	EC031_NZ_JAERJC010000004.1	NODE_1173_length_618_cov_1.337478	98.24		False
23911	24479	569	1	EC034_NZ_JAERJB010000015.1	NODE_1173_length_618_cov_1.337478	98.24		False
45408	45976	1	569	BB362_NZ_JAEQDL010000011.1	NODE_1173_length_618_cov_1.337478	98.77		True
CONTIG	NODE_1173_length_618_cov_1.337478	618	correct
189	805	1	617	A39_fig_1219382.3.peg.2227	NODE_1174_length_617_cov_2.389680	99.68	True	True
8449	9065	1	617	BB226_NZ_JAEQDM010000038.1	NODE_1174_length_617_cov_2.389680	99.51	True	True
189	805	1	617	CIP110549_fig_1392540.14.peg.1871	NODE_1174_length_617_cov_2.389680	99.35	True	True
29476	30092	1	617	BB362_NZ_JAEQDL010000012.1	NODE_1174_length_617_cov_2.389680	99.19	True	True
CONTIG	NODE_1174_length_617_cov_2.389680	617	ambiguous
349	962	4	617	CIP110549_fig_1392540.14.peg.597	NODE_1175_length_617_cov_1.793594	99.51	True	True
126581	127194	617	4	BB226_NZ_JAEQDM010000002.1	NODE_1175_length_617_cov_1.793594	99.35	True	True
127972	128585	617	4	EC034_NZ_JAERJB010000001.1	NODE_1175_length_617_cov_1.793594	98.86	True	True
63785	64398	4	617	EC031_NZ_JAERJC010000003.1	NODE_1175_length_617_cov_1.793594	98.86	True	True
349	962	4	617	A39_fig_1219382.3.peg.1487	NODE_1175_length_617_cov_1.793594	98.7	True	True
CONTIG	NODE_1175_length_617_cov_1.793594	617	ambiguous
24535	25145	1	617	EC031_NZ_JAERJC010000014.1	NODE_1176_length_617_cov_1.790036	97.89	True	True
24535	25145	1	617	EC034_NZ_JAERJB010000018.1	NODE_1176_length_617_cov_1.790036	97.89	True	True
CONTIG	NODE_1176_length_617_cov_1.790036	617	ambiguous
869	1485	617	1	CIP110549_fig_1392540.14.peg.1138	NODE_1177_length_617_cov_1.653025	99.03	True	True
139655	140271	1	617	BB362_NZ_JAEQDL010000001.1	NODE_1177_length_617_cov_1.653025	98.54	True	True
869	1485	617	1	A39_fig_1219382.3.peg.210	NODE_1177_length_617_cov_1.653025	98.06	True	True
CONTIG	NODE_1177_length_617_cov_1.653025	617	ambiguous
CONTIG	NODE_1178_length_617_cov_1.238434	617	unaligned
CONTIG	NODE_1179_length_617_cov_0.932384	617	unaligned
CONTIG	NODE_1180_length_617_cov_0.886121	617	unaligned
111486	112101	1	616	BB226_NZ_JAEQDM010000004.1	NODE_1181_length_616_cov_2.286988	98.86	True	True
102732	103347	1	616	EC031_NZ_JAERJC010000005.1	NODE_1181_length_616_cov_2.286988	98.54	True	True
93536	94151	1	616	EC034_NZ_JAERJB010000008.1	NODE_1181_length_616_cov_2.286988	98.54	True	True
123929	124544	1	616	BB362_NZ_JAEQDL010000002.1	NODE_1181_length_616_cov_2.286988	98.38	True	True
CONTIG	NODE_1181_length_616_cov_2.286988	616	ambiguous
CONTIG	NODE_1182_length_616_cov_1.875223	616	unaligned
33991	34588	1	598	EC031_NZ_JAERJC010000005.1	NODE_1183_length_616_cov_1.675579	98.33		False
54491	55088	1	598	BB362_NZ_JAEQDL010000002.1	NODE_1183_length_616_cov_1.675579	97.83		False
24795	25392	1	598	EC034_NZ_JAERJB010000008.1	NODE_1183_length_616_cov_1.675579	98.33		True
CONTIG	NODE_1183_length_616_cov_1.675579	616	correct
159	774	616	1	A39_fig_1219382.3.peg.1679	NODE_1184_length_616_cov_0.948307	95.94		True
CONTIG	NODE_1184_length_616_cov_0.948307	616	correct
8045	8659	615	1	BB226_NZ_JAEQDM010000009.1	NODE_1185_length_615_cov_2.648214	97.56	True	True
81802	82416	1	615	EC034_NZ_JAERJB010000002.1	NODE_1185_length_615_cov_2.648214	97.56	True	True
78069	78683	1	615	BB362_NZ_JAEQDL010000003.1	NODE_1185_length_615_cov_2.648214	97.56	True	True
30077	30691	615	1	EC031_NZ_JAERJC010000009.1	NODE_1185_length_615_cov_2.648214	97.56	True	True
CONTIG	NODE_1185_length_615_cov_2.648214	615	ambiguous
107013	107627	1	615	EC031_NZ_JAERJC010000010.1	NODE_1186_length_615_cov_1.351786	98.7	True	True
3828	4442	615	1	EC034_NZ_JAERJB010000006.1	NODE_1186_length_615_cov_1.351786	98.7	True	True
66305	66919	1	615	BB226_NZ_JAEQDM010000001.1	NODE_1186_length_615_cov_1.351786	98.37	True	True
17782	18396	1	615	BB362_NZ_JAEQDL010000026.1	NODE_1186_length_615_cov_1.351786	98.37	True	True
CONTIG	NODE_1186_length_615_cov_1.351786	615	ambiguous
127	741	615	1	CIP110549_fig_1392540.14.peg.1482	NODE_1187_length_615_cov_1.219643	98.05	True	True
4226	4840	1	615	BB226_NZ_JAEQDM010000015.1	NODE_1187_length_615_cov_1.219643	98.05	True	True
127	741	615	1	A39_fig_1219382.3.peg.1022	NODE_1187_length_615_cov_1.219643	97.4	True	True
126790	127404	1	615	EC031_NZ_JAERJC010000005.1	NODE_1187_length_615_cov_1.219643	97.24	True	True
14409	15023	1	615	EC034_NZ_JAERJB010000021.1	NODE_1187_length_615_cov_1.219643	97.24	True	True
CONTIG	NODE_1187_length_615_cov_1.219643	615	ambiguous
7981	8595	1	615	BB362_NZ_JAEQDL010000015.1	NODE_1188_length_615_cov_1.148214	98.7	True	True
79516	80130	615	1	BB226_NZ_JAEQDM010000006.1	NODE_1188_length_615_cov_1.148214	98.21	True	True
CONTIG	NODE_1188_length_615_cov_1.148214	615	ambiguous
145	758	614	1	A39_fig_1219382.3.peg.133	NODE_1189_length_614_cov_2.611807	97.23	True	True
145	758	614	1	CIP110549_fig_1392540.14.peg.1213	NODE_1189_length_614_cov_2.611807	97.07	True	True
97887	98500	1	614	EC034_NZ_JAERJB010000004.1	NODE_1189_length_614_cov_2.611807	96.91	True	True
94569	95182	1	614	EC031_NZ_JAERJC010000008.1	NODE_1189_length_614_cov_2.611807	96.91	True	True
221550	222163	1	614	BB362_NZ_JAEQDL010000001.1	NODE_1189_length_614_cov_2.611807	96.74	True	True
29091	29704	614	1	BB226_NZ_JAEQDM010000021.1	NODE_1189_length_614_cov_2.611807	96.58	True	True
CONTIG	NODE_1189_length_614_cov_2.611807	614	ambiguous
CONTIG	NODE_1190_length_614_cov_2.547406	614	unaligned
132521	133134	1	614	BB362_NZ_JAEQDL010000003.1	NODE_1191_length_614_cov_2.259392	98.37	True	True
1348	1961	614	1	A39_fig_1219382.3.peg.838	NODE_1191_length_614_cov_2.259392	98.05	True	True
7461	8074	614	1	BB226_NZ_JAEQDM010000023.1	NODE_1191_length_614_cov_2.259392	98.05	True	True
1351	1961	611	1	CIP110549_fig_1392540.14.peg.1682	NODE_1191_length_614_cov_2.259392	97.87	True	True
CONTIG	NODE_1191_length_614_cov_2.259392	614	ambiguous
11440	12048	614	6	EC034_NZ_JAERJB010000004.1	NODE_1192_length_614_cov_0.908766	96.06	True	True
8122	8730	614	6	EC031_NZ_JAERJC010000008.1	NODE_1192_length_614_cov_0.908766	96.06	True	True
134693	135301	614	6	BB362_NZ_JAEQDL010000001.1	NODE_1192_length_614_cov_0.908766	95.89	True	True
228	836	614	6	CIP110549_fig_1392540.14.peg.1134	NODE_1192_length_614_cov_0.908766	95.73	True	True
228	836	614	6	A39_fig_1219382.3.peg.214	NODE_1192_length_614_cov_0.908766	95.24	True	True
CONTIG	NODE_1192_length_614_cov_0.908766	614	ambiguous
68106	68719	1	613	BB362_NZ_JAEQDL010000005.1	NODE_1193_length_613_cov_1.869176	98.37	True	True
12682	13295	613	1	BB226_NZ_JAEQDM010000014.1	NODE_1193_length_613_cov_1.869176	97.56	True	True
CONTIG	NODE_1193_length_613_cov_1.869176	613	ambiguous
16444	17057	613	1	BB362_NZ_JAEQDL010000032.1	NODE_1194_length_613_cov_1.781362	99.19	True	True
9570	10182	1	613	BB226_NZ_JAEQDM010000026.1	NODE_1194_length_613_cov_1.781362	98.86	True	True
9332	9944	1	613	EC031_NZ_JAERJC010000012.1	NODE_1194_length_613_cov_1.781362	98.37	True	True
74437	75049	613	1	EC034_NZ_JAERJB010000011.1	NODE_1194_length_613_cov_1.781362	98.37	True	True
CONTIG	NODE_1194_length_613_cov_1.781362	613	ambiguous
774	1386	1	613	CIP110549_fig_1392540.14.peg.10	NODE_1195_length_613_cov_1.745520	99.35	True	True
774	1386	1	613	A39_fig_1219382.3.peg.1732	NODE_1195_length_613_cov_1.745520	98.69	True	True
67153	67765	613	1	BB226_NZ_JAEQDM010000010.1	NODE_1195_length_613_cov_1.745520	98.53	True	True
CONTIG	NODE_1195_length_613_cov_1.745520	613	ambiguous
CONTIG	NODE_1196_length_613_cov_1.326165	613	unaligned
58107	58713	1	607	BB226_NZ_JAEQDM010000009.1	NODE_1197_length_612_cov_2.655296	98.68	True	True
42462	43068	607	1	BB362_NZ_JAEQDL010000003.1	NODE_1197_length_612_cov_2.655296	97.86	True	True
CONTIG	NODE_1197_length_612_cov_2.655296	612	ambiguous
20509	21120	612	1	BB362_NZ_JAEQDL010000008.1	NODE_1198_length_612_cov_2.560144	97.71	True	True
89457	90068	1	612	BB226_NZ_JAEQDM010000002.1	NODE_1198_length_612_cov_2.560144	97.22	True	True
CONTIG	NODE_1198_length_612_cov_2.560144	612	ambiguous
33816	34425	5	612	EC034_NZ_JAERJB010000019.1	NODE_1199_length_612_cov_2.509874	98.85	True	True
104793	105402	612	5	EC031_NZ_JAERJC010000002.1	NODE_1199_length_612_cov_2.509874	98.85	True	True
CONTIG	NODE_1199_length_612_cov_2.509874	612	ambiguous
7288	7899	612	1	BB226_NZ_JAEQDM010000048.1	NODE_1200_length_612_cov_2.436266	99.18	True	True
251	862	1	612	CIP110549_fig_1392540.14.peg.2440	NODE_1200_length_612_cov_2.436266	99.02	True	True
CONTIG	NODE_1200_length_612_cov_2.436266	612	ambiguous
CONTIG	NODE_1201_length_612_cov_1.310592	612	unaligned
CONTIG	NODE_1202_length_612_cov_1.204668	612	unaligned
1	180	180	1	A39_fig_1219382.3.peg.1653	NODE_1203_length_612_cov_1.008977	100.0		True
translocation
1	336	278	612	A39_fig_1219382.3.peg.1654	NODE_1203_length_612_cov_1.008977	99.4		True
CONTIG	NODE_1203_length_612_cov_1.008977	612	misassembled
6846	7326	131	611	BB362_NZ_JAEQDL010000056.1	NODE_1204_length_611_cov_2.327338	99.58		True
CONTIG	NODE_1204_length_611_cov_2.327338	611	correct
223	833	611	1	A39_fig_1219382.3.peg.1079	NODE_1205_length_611_cov_2.023381	97.71	True	True
223	833	611	1	CIP110549_fig_1392540.14.peg.1427	NODE_1205_length_611_cov_2.023381	97.71	True	True
68750	69360	1	611	BB226_NZ_JAEQDM010000004.1	NODE_1205_length_611_cov_2.023381	97.05	True	True
CONTIG	NODE_1205_length_611_cov_2.023381	611	ambiguous
24573	25183	1	611	BB362_NZ_JAEQDL010000018.1	NODE_1206_length_611_cov_1.998201	98.53		True
CONTIG	NODE_1206_length_611_cov_1.998201	611	correct
381	992	611	1	CIP110549_fig_1392540.14.peg.861	NODE_1207_length_611_cov_1.433453	98.53	True	True
381	992	611	1	A39_fig_1219382.3.peg.530	NODE_1207_length_611_cov_1.433453	98.04	True	True
32088	32699	611	1	BB362_NZ_JAEQDL010000015.1	NODE_1207_length_611_cov_1.433453	97.71	True	True
CONTIG	NODE_1207_length_611_cov_1.433453	611	ambiguous
22716	23324	611	1	BB362_NZ_JAEQDL010000018.1	NODE_1208_length_611_cov_1.357914	98.69	True	True
53598	54206	1	611	EC034_NZ_JAERJB010000007.1	NODE_1208_length_611_cov_1.357914	98.04	True	True
102983	103591	611	1	EC031_NZ_JAERJC010000006.1	NODE_1208_length_611_cov_1.357914	98.04	True	True
CONTIG	NODE_1208_length_611_cov_1.357914	611	ambiguous
1207	1817	611	1	CIP110549_fig_1392540.14.peg.573	NODE_1209_length_611_cov_1.215827	99.51	True	True
1207	1817	611	1	A39_fig_1219382.3.peg.1512	NODE_1209_length_611_cov_1.215827	98.85	True	True
CONTIG	NODE_1209_length_611_cov_1.215827	611	ambiguous
CONTIG	NODE_1210_length_611_cov_1.158273	611	unaligned
87434	88043	1	610	EC031_NZ_JAERJC010000004.1	NODE_1211_length_610_cov_2.583784	98.2	True	True
23345	23954	610	1	EC034_NZ_JAERJB010000013.1	NODE_1211_length_610_cov_2.583784	98.2	True	True
154706	155315	610	1	BB362_NZ_JAEQDL010000002.1	NODE_1211_length_610_cov_2.583784	97.54	True	True
CONTIG	NODE_1211_length_610_cov_2.583784	610	ambiguous
4207	4816	1	610	EC034_NZ_JAERJB010000034.1	NODE_1212_length_610_cov_2.223423	98.52	True	True
4207	4816	1	610	EC031_NZ_JAERJC010000021.1	NODE_1212_length_610_cov_2.223423	98.52	True	True
17389	17998	610	1	BB226_NZ_JAEQDM010000018.1	NODE_1212_length_610_cov_2.223423	97.7	True	True
17398	18007	610	1	BB362_NZ_JAEQDL010000037.1	NODE_1212_length_610_cov_2.223423	97.54	True	True
CONTIG	NODE_1212_length_610_cov_2.223423	610	ambiguous
CONTIG	NODE_1213_length_610_cov_2.070270	610	unaligned
904	1513	610	1	A39_fig_1219382.3.peg.2004	NODE_1214_length_610_cov_1.850450	98.69	True	True
904	1513	610	1	CIP110549_fig_1392540.14.peg.1998	NODE_1214_length_610_cov_1.850450	98.52	True	True
CONTIG	NODE_1214_length_610_cov_1.850450	610	ambiguous
1	529	529	1	A39_fig_1219382.3.peg.88	NODE_1215_length_610_cov_1.753153	99.62		True
CONTIG	NODE_1215_length_610_cov_1.753153	610	correct
CONTIG	NODE_1216_length_610_cov_1.693694	610	unaligned
CONTIG	NODE_1217_length_610_cov_1.288288	610	unaligned
114	724	1	610	A39_fig_1219382.3.peg.1932	NODE_1218_length_610_cov_1.163964	99.51	True	True
47447	48057	1	610	EC031_NZ_JAERJC010000010.1	NODE_1218_length_610_cov_1.163964	99.51	True	True
63398	64008	610	1	EC034_NZ_JAERJB010000006.1	NODE_1218_length_610_cov_1.163964	99.51	True	True
114	724	1	610	CIP110549_fig_1392540.14.peg.2070	NODE_1218_length_610_cov_1.163964	99.51	True	True
8017	8627	1	610	BB226_NZ_JAEQDM010000001.1	NODE_1218_length_610_cov_1.163964	99.02	True	True
38426	39036	610	1	BB362_NZ_JAEQDL010000006.1	NODE_1218_length_610_cov_1.163964	98.85	True	True
CONTIG	NODE_1218_length_610_cov_1.163964	610	ambiguous
186914	187523	1	610	EC031_NZ_JAERJC010000004.1	NODE_1219_length_610_cov_1.154955	97.7	True	True
25034	25643	610	1	EC034_NZ_JAERJB010000015.1	NODE_1219_length_610_cov_1.154955	97.7	True	True
38584	39193	1	610	BB226_NZ_JAEQDM010000003.1	NODE_1219_length_610_cov_1.154955	97.38	True	True
CONTIG	NODE_1219_length_610_cov_1.154955	610	ambiguous
38127	38218	220	313	B5B_NZ_VTDL01000027.1	NODE_1220_length_610_cov_0.935135	96.81		True
local misassembly
38453	38735	326	610	B5B_NZ_VTDL01000027.1	NODE_1220_length_610_cov_0.935135	92.28		True
CONTIG	NODE_1220_length_610_cov_0.935135	610	correct
48928	49529	609	6	EC034_NZ_JAERJB010000012.1	NODE_1221_length_609_cov_0.900722	96.52	True	True
48748	49349	609	6	EC031_NZ_JAERJC010000002.1	NODE_1221_length_609_cov_0.900722	96.52	True	True
48703	49304	609	6	BB226_NZ_JAEQDM010000012.1	NODE_1221_length_609_cov_0.900722	96.36	True	True
CONTIG	NODE_1221_length_609_cov_0.900722	609	ambiguous
48	655	608	1	CIP110549_fig_1392540.14.peg.2383	NODE_1222_length_608_cov_2.072333	99.01		True
CONTIG	NODE_1222_length_608_cov_2.072333	608	correct
874	1481	1	608	A39_fig_1219382.3.peg.212	NODE_1223_length_608_cov_1.311031	97.04	True	True
874	1481	1	608	CIP110549_fig_1392540.14.peg.1136	NODE_1223_length_608_cov_1.311031	96.38	True	True
CONTIG	NODE_1223_length_608_cov_1.311031	608	ambiguous
57907	58513	1	607	BB362_NZ_JAEQDL010000004.1	NODE_1224_length_607_cov_3.043478	99.51	True	True
41520	42126	607	1	EC034_NZ_JAERJB010000009.1	NODE_1224_length_607_cov_3.043478	99.18	True	True
258265	258871	607	1	EC031_NZ_JAERJC010000001.1	NODE_1224_length_607_cov_3.043478	99.18	True	True
57771	58377	1	607	BB226_NZ_JAEQDM010000008.1	NODE_1224_length_607_cov_3.043478	98.68	True	True
CONTIG	NODE_1224_length_607_cov_3.043478	607	ambiguous
60430	61036	607	1	BB362_NZ_JAEQDL010000005.1	NODE_1225_length_607_cov_2.242754	99.01	True	True
20402	21008	1	607	BB226_NZ_JAEQDM010000014.1	NODE_1225_length_607_cov_2.242754	98.68	True	True
CONTIG	NODE_1225_length_607_cov_2.242754	607	ambiguous
35057	35663	607	1	BB226_NZ_JAEQDM010000018.1	NODE_1226_length_607_cov_1.762681	99.84		True
CONTIG	NODE_1226_length_607_cov_1.762681	607	correct
46804	47409	606	1	BB362_NZ_JAEQDL010000003.1	NODE_1227_length_606_cov_2.442831	98.02	True	True
52899	53504	1	606	BB226_NZ_JAEQDM010000009.1	NODE_1227_length_606_cov_2.442831	97.52	True	True
61363	61970	1	606	EC031_NZ_JAERJC010000009.1	NODE_1227_length_606_cov_2.442831	97.2	True	True
50523	51130	606	1	EC034_NZ_JAERJB010000002.1	NODE_1227_length_606_cov_2.442831	97.2	True	True
CONTIG	NODE_1227_length_606_cov_2.442831	606	ambiguous
6838	7443	1	606	BB362_NZ_JAEQDL010000005.1	NODE_1228_length_606_cov_1.633394	98.84		True
CONTIG	NODE_1228_length_606_cov_1.633394	606	correct
CONTIG	NODE_1229_length_606_cov_1.433757	606	unaligned
45327	45929	603	1	BB226_NZ_JAEQDM010000011.1	NODE_1230_length_606_cov_1.328494	98.18	True	True
48156	48758	603	1	BB362_NZ_JAEQDL010000001.1	NODE_1230_length_606_cov_1.328494	98.01	True	True
7550	8152	603	1	EC034_NZ_JAERJB010000020.1	NODE_1230_length_606_cov_1.328494	97.68	True	True
147678	148280	603	1	EC031_NZ_JAERJC010000002.1	NODE_1230_length_606_cov_1.328494	97.68	True	True
CONTIG	NODE_1230_length_606_cov_1.328494	606	ambiguous
27165	27770	1	606	BB226_NZ_JAEQDM010000029.1	NODE_1231_length_606_cov_1.034483	98.68		True
CONTIG	NODE_1231_length_606_cov_1.034483	606	correct
94720	95324	605	1	BB362_NZ_JAEQDL010000001.1	NODE_1232_length_605_cov_2.756364	96.69	True	True
14769	15373	605	1	BB226_NZ_JAEQDM010000024.1	NODE_1232_length_605_cov_2.756364	96.53	True	True
CONTIG	NODE_1232_length_605_cov_2.756364	605	ambiguous
731	1335	605	1	A39_fig_1219382.3.peg.364	NODE_1233_length_605_cov_1.714545	98.18	True	True
155245	155849	1	605	EC031_NZ_JAERJC010000002.1	NODE_1233_length_605_cov_1.714545	98.02	True	True
15117	15721	1	605	EC034_NZ_JAERJB010000020.1	NODE_1233_length_605_cov_1.714545	98.02	True	True
52905	53509	1	605	BB226_NZ_JAEQDM010000011.1	NODE_1233_length_605_cov_1.714545	97.69	True	True
55738	56342	1	605	BB362_NZ_JAEQDL010000001.1	NODE_1233_length_605_cov_1.714545	97.52	True	True
CONTIG	NODE_1233_length_605_cov_1.714545	605	ambiguous
73	671	7	605	CIP110549_fig_1392540.14.peg.1216	NODE_1234_length_605_cov_1.680000	98.5	True	True
223160	223764	1	605	BB362_NZ_JAEQDL010000001.1	NODE_1234_length_605_cov_1.680000	97.19	True	True
99497	100101	1	605	EC034_NZ_JAERJB010000004.1	NODE_1234_length_605_cov_1.680000	96.86	True	True
96179	96783	1	605	EC031_NZ_JAERJC010000008.1	NODE_1234_length_605_cov_1.680000	96.86	True	True
CONTIG	NODE_1234_length_605_cov_1.680000	605	ambiguous
2042	2641	600	1	CIP110549_fig_1392540.14.peg.269	NODE_1235_length_605_cov_1.529091	99.17		True
CONTIG	NODE_1235_length_605_cov_1.529091	605	correct
103772	104376	605	1	EC24_NZ_VTDO01000006.1	NODE_1236_length_605_cov_1.527273	99.5	True	True
756	1360	605	1	CIP110549_fig_1392540.14.peg.1065	NODE_1236_length_605_cov_1.527273	99.5	True	True
44790	45394	605	1	SCC474reference_NZ_VTDT01000014.1	NODE_1236_length_605_cov_1.527273	99.17	True	True
44790	45394	605	1	FNA11_NZ_VTDS01000001.1	NODE_1236_length_605_cov_1.527273	99.17	True	True
44790	45394	605	1	FNA3_NZ_VTDT01000014.1	NODE_1236_length_605_cov_1.527273	99.17	True	True
756	1360	605	1	A39_fig_1219382.3.peg.330	NODE_1236_length_605_cov_1.527273	99.01	True	True
CONTIG	NODE_1236_length_605_cov_1.527273	605	ambiguous
9	612	604	1	CIP110549_fig_1392540.14.peg.2414	NODE_1237_length_604_cov_2.069217	99.17	True	True
21484	22087	1	604	BB362_NZ_JAEQDL010000021.1	NODE_1237_length_604_cov_2.069217	99.17	True	True
CONTIG	NODE_1237_length_604_cov_2.069217	604	ambiguous
50154	50757	1	604	EC034_NZ_JAERJB010000007.1	NODE_1238_length_604_cov_1.892532	98.34	True	True
106432	107035	604	1	EC031_NZ_JAERJC010000006.1	NODE_1238_length_604_cov_1.892532	98.34	True	True
CONTIG	NODE_1238_length_604_cov_1.892532	604	ambiguous
87327	87929	604	1	EC034_NZ_JAERJB010000001.1	NODE_1239_length_604_cov_1.287796	97.68	True	True
104441	105043	1	604	EC031_NZ_JAERJC010000003.1	NODE_1239_length_604_cov_1.287796	97.68	True	True
CONTIG	NODE_1239_length_604_cov_1.287796	604	ambiguous
1069	1671	603	1	CIP110549_fig_1392540.14.peg.1948	NODE_1240_length_603_cov_1.645985	93.53	True	True
1069	1661	603	11	A39_fig_1219382.3.peg.2307	NODE_1240_length_603_cov_1.645985	94.77	True	True
CONTIG	NODE_1240_length_603_cov_1.645985	603	ambiguous
35175	35776	2	603	EC034_NZ_JAERJB010000001.1	NODE_1241_length_603_cov_1.541971	99.0	True	True
156594	157195	603	2	EC031_NZ_JAERJC010000003.1	NODE_1241_length_603_cov_1.541971	99.0	True	True
8410	9012	603	1	BB362_NZ_JAEQDL010000045.1	NODE_1241_length_603_cov_1.541971	98.67	True	True
CONTIG	NODE_1241_length_603_cov_1.541971	603	ambiguous
123684	124216	70	603	EC034_NZ_JAERJB010000002.1	NODE_1242_length_603_cov_1.348540	96.25		False
119407	119926	70	603	BB362_NZ_JAEQDL010000003.1	NODE_1242_length_603_cov_1.348540	95.32		False
20596	21128	603	70	EC031_NZ_JAERJC010000020.1	NODE_1242_length_603_cov_1.348540	96.25		True
CONTIG	NODE_1242_length_603_cov_1.348540	603	correct
629	1230	602	1	CIP110549_fig_1392540.14.peg.2027	NODE_1243_length_602_cov_2.255941	99.83	True	True
26370	26971	1	602	BB226_NZ_JAEQDM010000018.1	NODE_1243_length_602_cov_2.255941	99.67	True	True
629	1230	602	1	A39_fig_1219382.3.peg.1975	NODE_1243_length_602_cov_2.255941	99.67	True	True
CONTIG	NODE_1243_length_602_cov_2.255941	602	ambiguous
1212	1808	2	598	A39_fig_1219382.3.peg.791	NODE_1244_length_602_cov_2.232176	97.99	True	True
22814	23410	2	598	BB226_NZ_JAEQDM010000025.1	NODE_1244_length_602_cov_2.232176	97.65	True	True
1212	1808	2	598	CIP110549_fig_1392540.14.peg.405	NODE_1244_length_602_cov_2.232176	97.49	True	True
CONTIG	NODE_1244_length_602_cov_2.232176	602	ambiguous
32457	33058	602	1	BB362_NZ_JAEQDL010000023.1	NODE_1245_length_602_cov_2.014625	99.0	True	True
88912	89513	602	1	BB226_NZ_JAEQDM010000005.1	NODE_1245_length_602_cov_2.014625	98.67	True	True
70978	71579	602	1	EC031_NZ_JAERJC010000004.1	NODE_1245_length_602_cov_2.014625	98.17	True	True
39809	40410	1	602	EC034_NZ_JAERJB010000013.1	NODE_1245_length_602_cov_2.014625	98.17	True	True
CONTIG	NODE_1245_length_602_cov_2.014625	602	ambiguous
CONTIG	NODE_1246_length_602_cov_0.899452	602	unaligned
1450	2001	600	49	CIP110549_fig_1392540.14.peg.2005	NODE_1247_length_601_cov_3.128205	99.64		False
1449	2001	601	49	A39_fig_1219382.3.peg.1997	NODE_1247_length_601_cov_3.128205	99.64		True
CONTIG	NODE_1247_length_601_cov_3.128205	601	correct
19784	20384	1	601	BB226_NZ_JAEQDM010000013.1	NODE_1248_length_601_cov_2.157509	97.5	True	True
17660	18260	1	601	EC031_NZ_JAERJC010000008.1	NODE_1248_length_601_cov_2.157509	97.17	True	True
20978	21578	1	601	EC034_NZ_JAERJB010000004.1	NODE_1248_length_601_cov_2.157509	97.17	True	True
144235	144832	4	601	BB362_NZ_JAEQDL010000001.1	NODE_1248_length_601_cov_2.157509	97.16	True	True
CONTIG	NODE_1248_length_601_cov_2.157509	601	ambiguous
689	1289	601	1	A39_fig_1219382.3.peg.1010	NODE_1249_length_601_cov_2.012821	98.67	True	True
692	1289	598	1	CIP110549_fig_1392540.14.peg.1494	NODE_1249_length_601_cov_2.012821	99.0	True	True
16679	17276	598	1	BB226_NZ_JAEQDM010000015.1	NODE_1249_length_601_cov_2.012821	98.83	True	True
139241	139841	601	1	EC031_NZ_JAERJC010000005.1	NODE_1249_length_601_cov_2.012821	98.17	True	True
26860	27460	601	1	EC034_NZ_JAERJB010000021.1	NODE_1249_length_601_cov_2.012821	98.17	True	True
4517	5114	1	598	BB362_NZ_JAEQDL010000012.1	NODE_1249_length_601_cov_2.012821	98.33	True	True
CONTIG	NODE_1249_length_601_cov_2.012821	601	ambiguous
CONTIG	NODE_1250_length_601_cov_1.045788	601	unaligned
62999	63597	599	1	BB226_NZ_JAEQDM010000003.1	NODE_1251_length_600_cov_2.627523	100.0	True	True
211333	211932	600	1	EC031_NZ_JAERJC010000004.1	NODE_1251_length_600_cov_2.627523	99.67	True	True
625	1224	1	600	EC034_NZ_JAERJB010000015.1	NODE_1251_length_600_cov_2.627523	99.67	True	True
CONTIG	NODE_1251_length_600_cov_2.627523	600	ambiguous
95666	96265	600	1	BB226_NZ_JAEQDM010000001.1	NODE_1252_length_600_cov_1.889908	97.67		True
CONTIG	NODE_1252_length_600_cov_1.889908	600	correct
504	1103	600	1	CIP110549_fig_1392540.14.peg.211	NODE_1253_length_600_cov_1.801835	99.17		True
CONTIG	NODE_1253_length_600_cov_1.801835	600	correct
3034	3609	599	24	CIP110549_fig_1392540.14.peg.614	NODE_1254_length_599_cov_1.775735	100.0		True
CONTIG	NODE_1254_length_599_cov_1.775735	599	correct
41435	42033	1	599	BB226_NZ_JAEQDM010000006.1	NODE_1255_length_599_cov_1.582721	99.33	True	True
1158	1756	599	1	BB362_NZ_JAEQDL010000007.1	NODE_1255_length_599_cov_1.582721	98.83	True	True
CONTIG	NODE_1255_length_599_cov_1.582721	599	ambiguous
CONTIG	NODE_1256_length_599_cov_0.887868	599	unaligned
533	1130	598	1	CIP110549_fig_1392540.14.peg.1892	NODE_1257_length_598_cov_2.320442	99.0	True	True
81687	82284	1	598	EC031_NZ_JAERJC010000004.1	NODE_1257_length_598_cov_2.320442	98.83	True	True
29104	29701	598	1	EC034_NZ_JAERJB010000013.1	NODE_1257_length_598_cov_2.320442	98.83	True	True
99623	100220	1	598	BB226_NZ_JAEQDM010000005.1	NODE_1257_length_598_cov_2.320442	98.16	True	True
CONTIG	NODE_1257_length_598_cov_2.320442	598	ambiguous
33901	34498	1	598	BB362_NZ_JAEQDL010000001.1	NODE_1258_length_598_cov_1.939227	99.0	True	True
31073	31670	1	598	BB226_NZ_JAEQDM010000011.1	NODE_1258_length_598_cov_1.939227	98.16	True	True
CONTIG	NODE_1258_length_598_cov_1.939227	598	ambiguous
CONTIG	NODE_1259_length_598_cov_1.841621	598	unaligned
76991	77588	1	598	EC031_NZ_JAERJC010000007.1	NODE_1260_length_598_cov_1.267035	97.16	True	True
76999	77596	1	598	EC034_NZ_JAERJB010000003.1	NODE_1260_length_598_cov_1.267035	97.16	True	True
57212	57809	598	1	BB226_NZ_JAEQDM010000014.1	NODE_1260_length_598_cov_1.267035	96.99	True	True
23663	24260	1	598	BB362_NZ_JAEQDL010000005.1	NODE_1260_length_598_cov_1.267035	96.66	True	True
CONTIG	NODE_1260_length_598_cov_1.267035	598	ambiguous
1107	1703	1	597	CIP110549_fig_1392540.14.peg.2019	NODE_1261_length_597_cov_2.498155	98.32	True	True
1107	1703	1	597	A39_fig_1219382.3.peg.1983	NODE_1261_length_597_cov_2.498155	97.99	True	True
CONTIG	NODE_1261_length_597_cov_2.498155	597	ambiguous
98860	99449	590	1	BB226_NZ_JAEQDM010000002.1	NODE_1262_length_597_cov_2.226937	97.8	True	True
11118	11707	1	590	BB362_NZ_JAEQDL010000008.1	NODE_1262_length_597_cov_2.226937	97.46	True	True
100243	100831	590	1	EC034_NZ_JAERJB010000001.1	NODE_1262_length_597_cov_2.226937	97.46	True	True
91539	92127	1	590	EC031_NZ_JAERJC010000003.1	NODE_1262_length_597_cov_2.226937	97.46	True	True
CONTIG	NODE_1262_length_597_cov_2.226937	597	ambiguous
40703	41299	1	597	BB226_NZ_JAEQDM010000017.1	NODE_1263_length_597_cov_1.881919	97.49	True	True
21947	22539	5	597	BB362_NZ_JAEQDL010000009.1	NODE_1263_length_597_cov_1.881919	97.98	True	True
30829	31425	1	597	EC031_NZ_JAERJC010000013.1	NODE_1263_length_597_cov_1.881919	97.15	True	True
30829	31425	1	597	EC034_NZ_JAERJB010000016.1	NODE_1263_length_597_cov_1.881919	97.15	True	True
CONTIG	NODE_1263_length_597_cov_1.881919	597	ambiguous
175	769	1	595	CIP110549_fig_1392540.14.peg.2338	NODE_1264_length_597_cov_1.880074	99.5		True
CONTIG	NODE_1264_length_597_cov_1.880074	597	correct
412	1003	592	1	CIP110549_fig_1392540.14.peg.1975	NODE_1265_length_597_cov_1.841328	99.49	True	True
4724	5320	597	1	EC031_NZ_JAERJC010000025.1	NODE_1265_length_597_cov_1.841328	98.16	True	True
29520	30116	1	597	EC034_NZ_JAERJB010000025.1	NODE_1265_length_597_cov_1.841328	98.16	True	True
CONTIG	NODE_1265_length_597_cov_1.841328	597	ambiguous
CONTIG	NODE_1266_length_597_cov_1.675277	597	unaligned
795	1390	1	596	BB226_NZ_JAEQDM010000043.1	NODE_1267_length_596_cov_1.942699	99.33	True	True
16208	16803	1	596	BB362_NZ_JAEQDL010000028.1	NODE_1267_length_596_cov_1.942699	99.16	True	True
11591	12186	596	1	EC034_NZ_JAERJB010000007.1	NODE_1267_length_596_cov_1.942699	98.99	True	True
145003	145598	1	596	EC031_NZ_JAERJC010000006.1	NODE_1267_length_596_cov_1.942699	98.99	True	True
CONTIG	NODE_1267_length_596_cov_1.942699	596	ambiguous
400	995	1	596	A39_fig_1219382.3.peg.2277	NODE_1268_length_596_cov_1.693161	98.49	True	True
400	989	1	590	CIP110549_fig_1392540.14.peg.1921	NODE_1268_length_596_cov_1.693161	99.49	True	True
68560	69149	1	590	BB226_NZ_JAEQDM010000005.1	NODE_1268_length_596_cov_1.693161	98.81	True	True
CONTIG	NODE_1268_length_596_cov_1.693161	596	ambiguous
CONTIG	NODE_1269_length_596_cov_1.035120	596	unaligned
336	930	1	595	CIP110549_fig_1392540.14.peg.2232	NODE_1270_length_595_cov_2.505556	99.5	True	True
84278	84872	1	595	BB226_NZ_JAEQDM010000010.1	NODE_1270_length_595_cov_2.505556	99.16	True	True
336	930	1	595	A39_fig_1219382.3.peg.1751	NODE_1270_length_595_cov_2.505556	99.16	True	True
8712	9306	1	595	BB362_NZ_JAEQDL010000028.1	NODE_1270_length_595_cov_2.505556	98.99	True	True
CONTIG	NODE_1270_length_595_cov_2.505556	595	ambiguous
739	1333	595	1	CIP110549_fig_1392540.14.peg.1616	NODE_1271_length_595_cov_2.483333	98.82	True	True
75630	76224	595	1	BB362_NZ_JAEQDL010000003.1	NODE_1271_length_595_cov_2.483333	98.82	True	True
739	1333	595	1	A39_fig_1219382.3.peg.917	NODE_1271_length_595_cov_2.483333	98.66	True	True
CONTIG	NODE_1271_length_595_cov_2.483333	595	ambiguous
421	1015	1	595	CIP110549_fig_1392540.14.peg.404	NODE_1272_length_595_cov_2.464815	100.0		True
CONTIG	NODE_1272_length_595_cov_2.464815	595	correct
40679	41273	595	1	EC034_NZ_JAERJB010000005.1	NODE_1273_length_595_cov_2.198148	99.5	True	True
105	699	1	595	A39_fig_1219382.3.peg.567	NODE_1273_length_595_cov_2.198148	99.5	True	True
85291	85885	1	595	EC031_NZ_JAERJC010000001.1	NODE_1273_length_595_cov_2.198148	99.5	True	True
23355	23949	595	1	BB226_NZ_JAEQDM010000006.1	NODE_1273_length_595_cov_2.198148	98.82	True	True
17189	17783	1	595	BB362_NZ_JAEQDL010000007.1	NODE_1273_length_595_cov_2.198148	98.82	True	True
105	699	1	595	CIP110549_fig_1392540.14.peg.825	NODE_1273_length_595_cov_2.198148	98.66	True	True
CONTIG	NODE_1273_length_595_cov_2.198148	595	ambiguous
56730	57324	1	595	SCC474reference_NZ_VTDT01000014.1	NODE_1274_length_595_cov_1.872222	99.66	True	True
56730	57324	1	595	FNA3_NZ_VTDT01000014.1	NODE_1274_length_595_cov_1.872222	99.66	True	True
56730	57324	1	595	FNA11_NZ_VTDS01000001.1	NODE_1274_length_595_cov_1.872222	99.66	True	True
CONTIG	NODE_1274_length_595_cov_1.872222	595	ambiguous
2331	2925	595	1	BB226_NZ_JAEQDM010000010.1	NODE_1275_length_595_cov_1.722222	98.32	True	True
527	1121	595	1	A39_fig_1219382.3.peg.2385	NODE_1275_length_595_cov_1.722222	97.82	True	True
58051	58645	595	1	EC031_NZ_JAERJC010000006.1	NODE_1275_length_595_cov_1.722222	97.82	True	True
98544	99138	1	595	EC034_NZ_JAERJB010000007.1	NODE_1275_length_595_cov_1.722222	97.82	True	True
527	1121	595	1	CIP110549_fig_1392540.14.peg.134	NODE_1275_length_595_cov_1.722222	97.65	True	True
CONTIG	NODE_1275_length_595_cov_1.722222	595	ambiguous
CONTIG	NODE_1276_length_595_cov_0.881481	595	unaligned
32152	32745	594	1	EC031_NZ_JAERJC010000006.1	NODE_1277_length_594_cov_2.306122	99.49	True	True
31855	32448	594	1	EC034_NZ_JAERJB010000022.1	NODE_1277_length_594_cov_2.306122	99.49	True	True
CONTIG	NODE_1277_length_594_cov_2.306122	594	ambiguous
162	755	594	1	A39_fig_1219382.3.peg.1074	NODE_1278_length_594_cov_2.037106	98.82	True	True
162	755	594	1	CIP110549_fig_1392540.14.peg.1432	NODE_1278_length_594_cov_2.037106	98.65	True	True
95207	95800	1	594	BB362_NZ_JAEQDL010000002.1	NODE_1278_length_594_cov_2.037106	98.48	True	True
65567	66159	1	593	EC034_NZ_JAERJB010000008.1	NODE_1278_length_594_cov_2.037106	98.15	True	True
74763	75355	1	593	EC031_NZ_JAERJC010000005.1	NODE_1278_length_594_cov_2.037106	98.15	True	True
CONTIG	NODE_1278_length_594_cov_2.037106	594	ambiguous
502	1095	1	594	CIP110549_fig_1392540.14.peg.1473	NODE_1279_length_594_cov_1.437848	98.15	True	True
136057	136650	594	1	BB362_NZ_JAEQDL010000002.1	NODE_1279_length_594_cov_1.437848	98.15	True	True
502	1095	1	594	A39_fig_1219382.3.peg.1032	NODE_1279_length_594_cov_1.437848	98.15	True	True
CONTIG	NODE_1279_length_594_cov_1.437848	594	ambiguous
1184	1664	19	499	EC031_NZ_JAERJC010000028.1	NODE_1280_length_594_cov_1.361781	97.09		False
1163	1643	19	499	EC034_NZ_JAERJB010000031.1	NODE_1280_length_594_cov_1.361781	97.09		True
CONTIG	NODE_1280_length_594_cov_1.361781	594	correct
154597	155190	594	1	EC031_NZ_JAERJC010000004.1	NODE_1281_length_594_cov_0.914657	96.46	True	True
57367	57960	1	594	EC034_NZ_JAERJB010000015.1	NODE_1281_length_594_cov_0.914657	96.46	True	True
11727	12320	594	1	BB362_NZ_JAEQDL010000011.1	NODE_1281_length_594_cov_0.914657	96.13	True	True
6164	6748	585	1	BB226_NZ_JAEQDM010000003.1	NODE_1281_length_594_cov_0.914657	97.44	True	True
CONTIG	NODE_1281_length_594_cov_0.914657	594	ambiguous
32774	33366	593	1	EC034_NZ_JAERJB010000012.1	NODE_1282_length_593_cov_1.767658	97.81	True	True
32594	33186	593	1	EC031_NZ_JAERJC010000002.1	NODE_1282_length_593_cov_1.767658	97.81	True	True
31632	32224	593	1	BB362_NZ_JAEQDL010000019.1	NODE_1282_length_593_cov_1.767658	97.47	True	True
32554	33146	593	1	BB226_NZ_JAEQDM010000012.1	NODE_1282_length_593_cov_1.767658	96.96	True	True
CONTIG	NODE_1282_length_593_cov_1.767658	593	ambiguous
CONTIG	NODE_1283_length_593_cov_1.604089	593	unaligned
34328	34919	591	1	FNA3_NZ_VTDT01000014.1	NODE_1284_length_591_cov_2.244403	99.16	True	True
34328	34919	591	1	SCC474reference_NZ_VTDT01000014.1	NODE_1284_length_591_cov_2.244403	99.16	True	True
108256	108847	591	1	SCC477_NZ_VTDQ01000004.1	NODE_1284_length_591_cov_2.244403	99.16	True	True
34328	34919	591	1	FNA11_NZ_VTDS01000001.1	NODE_1284_length_591_cov_2.244403	99.16	True	True
CONTIG	NODE_1284_length_591_cov_2.244403	591	ambiguous
CONTIG	NODE_1285_length_591_cov_1.125000	591	unaligned
168315	168904	590	1	EC031_NZ_JAERJC010000004.1	NODE_1286_length_590_cov_2.089720	99.49	True	True
43653	44242	1	590	EC034_NZ_JAERJB010000015.1	NODE_1286_length_590_cov_2.089720	99.49	True	True
25640	26229	590	1	BB362_NZ_JAEQDL010000011.1	NODE_1286_length_590_cov_2.089720	98.64	True	True
CONTIG	NODE_1286_length_590_cov_2.089720	590	ambiguous
136096	136684	1	589	BB226_NZ_JAEQDM010000002.1	NODE_1287_length_590_cov_1.233645	99.15		True
CONTIG	NODE_1287_length_590_cov_1.233645	590	correct
CONTIG	NODE_1288_length_590_cov_1.218692	590	unaligned
101662	102248	589	3	BB362_NZ_JAEQDL010000001.1	NODE_1289_length_589_cov_2.574906	98.98	True	True
215795	216381	589	3	EC031_NZ_JAERJC010000002.1	NODE_1289_length_589_cov_2.574906	98.81	True	True
23772	24358	589	3	EC034_NZ_JAERJB010000023.1	NODE_1289_length_589_cov_2.574906	98.81	True	True
21711	22297	589	3	BB226_NZ_JAEQDM010000024.1	NODE_1289_length_589_cov_2.574906	98.47	True	True
CONTIG	NODE_1289_length_589_cov_2.574906	589	ambiguous
CONTIG	NODE_1290_length_589_cov_1.874532	589	unaligned
116081	116667	589	1	EC031_NZ_JAERJC010000004.1	NODE_1291_length_589_cov_1.222846	98.13	True	True
28157	28743	1	589	EC034_NZ_JAERJB010000027.1	NODE_1291_length_589_cov_1.222846	98.13	True	True
3125	3711	589	1	BB226_NZ_JAEQDM010000029.1	NODE_1291_length_589_cov_1.222846	97.79	True	True
CONTIG	NODE_1291_length_589_cov_1.222846	589	ambiguous
20094	20679	1	586	BB226_NZ_JAEQDM010000006.1	NODE_1292_length_588_cov_2.221388	98.46	True	True
20460	21044	586	1	BB362_NZ_JAEQDL010000007.1	NODE_1292_length_588_cov_2.221388	98.29	True	True
CONTIG	NODE_1292_length_588_cov_2.221388	588	ambiguous
4669	5255	587	1	BB362_NZ_JAEQDL010000045.1	NODE_1293_length_587_cov_2.157895	99.49		True
CONTIG	NODE_1293_length_587_cov_2.157895	587	correct
246797	247383	1	587	EC031_NZ_JAERJC010000001.1	NODE_1294_length_587_cov_1.310150	98.47	True	True
30052	30638	1	587	EC034_NZ_JAERJB010000009.1	NODE_1294_length_587_cov_1.310150	98.47	True	True
69256	69842	587	1	BB226_NZ_JAEQDM010000008.1	NODE_1294_length_587_cov_1.310150	98.3	True	True
CONTIG	NODE_1294_length_587_cov_1.310150	587	ambiguous
2281	2706	1	426	CIP110549_fig_1392540.14.peg.782	NODE_1295_length_586_cov_2.881356	99.53		True
translocation
1	146	441	586	CIP110549_fig_1392540.14.peg.781	NODE_1295_length_586_cov_2.881356	100.0		True
CONTIG	NODE_1295_length_586_cov_2.881356	586	misassembled
33937	34522	586	1	BB362_NZ_JAEQDL010000006.1	NODE_1296_length_586_cov_1.721281	97.44	True	True
79	664	1	586	A39_fig_1219382.3.peg.1917	NODE_1296_length_586_cov_1.721281	97.44	True	True
79	664	1	586	CIP110549_fig_1392540.14.peg.2075	NODE_1296_length_586_cov_1.721281	97.27	True	True
52216	52801	1	586	EC031_NZ_JAERJC010000010.1	NODE_1296_length_586_cov_1.721281	97.1	True	True
58654	59239	586	1	EC034_NZ_JAERJB010000006.1	NODE_1296_length_586_cov_1.721281	97.1	True	True
12793	13378	1	586	BB226_NZ_JAEQDM010000001.1	NODE_1296_length_586_cov_1.721281	96.93	True	True
CONTIG	NODE_1296_length_586_cov_1.721281	586	ambiguous
CONTIG	NODE_1297_length_586_cov_1.504708	586	unaligned
CONTIG	NODE_1298_length_586_cov_1.414313	586	unaligned
104	689	586	1	CIP110549_fig_1392540.14.peg.1803	NODE_1299_length_586_cov_1.165725	99.66	True	True
32882	33467	1	586	BB226_NZ_JAEQDM010000003.1	NODE_1299_length_586_cov_1.165725	99.15	True	True
CONTIG	NODE_1299_length_586_cov_1.165725	586	ambiguous
CONTIG	NODE_1300_length_586_cov_1.030132	586	unaligned
CONTIG	NODE_1301_length_584_cov_1.882798	584	unaligned
141	719	1	584	BB226_NZ_JAEQDM010000044.1	NODE_1302_length_584_cov_1.869565	95.22		True
CONTIG	NODE_1302_length_584_cov_1.869565	584	correct
CONTIG	NODE_1303_length_584_cov_1.304348	584	unaligned
CONTIG	NODE_1304_length_583_cov_2.323864	583	unaligned
26752	27334	1	583	BB226_NZ_JAEQDM010000024.1	NODE_1305_length_583_cov_1.958333	97.6		True
CONTIG	NODE_1305_length_583_cov_1.958333	583	correct
59715	60297	583	1	EC034_NZ_JAERJB010000003.1	NODE_1306_length_583_cov_1.562500	99.14	True	True
59707	60289	583	1	EC031_NZ_JAERJC010000007.1	NODE_1306_length_583_cov_1.562500	99.14	True	True
4519	5101	583	1	BB362_NZ_JAEQDL010000005.1	NODE_1306_length_583_cov_1.562500	99.14	True	True
CONTIG	NODE_1306_length_583_cov_1.562500	583	ambiguous
1444	1602	579	421	ANC4422_fig_1219383.5.peg.2001	NODE_1307_length_583_cov_1.020833	96.23		True
CONTIG	NODE_1307_length_583_cov_1.020833	583	correct
36743	37324	582	1	BB226_NZ_JAEQDM010000012.1	NODE_1308_length_582_cov_2.679317	98.8		True
CONTIG	NODE_1308_length_582_cov_2.679317	582	correct
31626	32207	582	1	BB226_NZ_JAEQDM010000012.1	NODE_1309_length_582_cov_1.988615	99.66	True	True
30704	31285	582	1	BB362_NZ_JAEQDL010000019.1	NODE_1309_length_582_cov_1.988615	98.8	True	True
CONTIG	NODE_1309_length_582_cov_1.988615	582	ambiguous
25964	26545	582	1	BB362_NZ_JAEQDL010000003.1	NODE_1310_length_582_cov_1.781784	99.14	True	True
74630	75211	1	582	BB226_NZ_JAEQDM010000009.1	NODE_1310_length_582_cov_1.781784	98.97	True	True
28851	29432	582	1	EC034_NZ_JAERJB010000002.1	NODE_1310_length_582_cov_1.781784	98.8	True	True
83061	83642	1	582	EC031_NZ_JAERJC010000009.1	NODE_1310_length_582_cov_1.781784	98.8	True	True
CONTIG	NODE_1310_length_582_cov_1.781784	582	ambiguous
102321	102902	582	1	EC034_NZ_JAERJB010000005.1	NODE_1311_length_582_cov_1.766603	99.66	True	True
23662	24243	1	582	EC031_NZ_JAERJC010000001.1	NODE_1311_length_582_cov_1.766603	99.66	True	True
85009	85591	582	1	BB226_NZ_JAEQDM010000006.1	NODE_1311_length_582_cov_1.766603	99.49	True	True
CONTIG	NODE_1311_length_582_cov_1.766603	582	ambiguous
110879	111460	582	1	BB226_NZ_JAEQDM010000004.1	NODE_1312_length_582_cov_1.624288	98.45	True	True
123322	123903	582	1	BB362_NZ_JAEQDL010000002.1	NODE_1312_length_582_cov_1.624288	98.11	True	True
102125	102706	582	1	EC031_NZ_JAERJC010000005.1	NODE_1312_length_582_cov_1.624288	97.77	True	True
92929	93510	582	1	EC034_NZ_JAERJB010000008.1	NODE_1312_length_582_cov_1.624288	97.77	True	True
CONTIG	NODE_1312_length_582_cov_1.624288	582	ambiguous
57575	58157	1	582	BB362_NZ_JAEQDL010000006.1	NODE_1313_length_582_cov_1.436433	98.63	True	True
44929	45510	582	1	BB226_NZ_JAEQDM010000018.1	NODE_1313_length_582_cov_1.436433	98.28	True	True
CONTIG	NODE_1313_length_582_cov_1.436433	582	ambiguous
14102	14683	582	1	BB362_NZ_JAEQDL010000021.1	NODE_1314_length_582_cov_1.248577	99.31	True	True
1817	2398	582	1	BB226_NZ_JAEQDM010000028.1	NODE_1314_length_582_cov_1.248577	98.63	True	True
CONTIG	NODE_1314_length_582_cov_1.248577	582	ambiguous
1156	1736	1	581	CIP110549_fig_1392540.14.peg.2323	NODE_1315_length_581_cov_2.290875	98.8	True	True
2297	2877	1	581	EC034_NZ_JAERJB010000030.1	NODE_1315_length_581_cov_2.290875	98.11	True	True
2297	2877	1	581	EC031_NZ_JAERJC010000027.1	NODE_1315_length_581_cov_2.290875	98.11	True	True
29529	30109	1	581	BB226_NZ_JAEQDM010000022.1	NODE_1315_length_581_cov_2.290875	97.93	True	True
CONTIG	NODE_1315_length_581_cov_2.290875	581	ambiguous
56973	57553	581	1	BB226_NZ_JAEQDM010000018.1	NODE_1316_length_581_cov_2.053232	97.76		True
CONTIG	NODE_1316_length_581_cov_2.053232	581	correct
16	384	1	369	CIP110549_fig_1392540.14.peg.267	NODE_1317_length_580_cov_2.312381	99.46		True
indel: indel (> 5bp)
544	741	370	567	CIP110549_fig_1392540.14.peg.267	NODE_1317_length_580_cov_2.312381	99.49		True
CONTIG	NODE_1317_length_580_cov_2.312381	580	correct
4726	5305	1	580	BB362_NZ_JAEQDL010000008.1	NODE_1318_length_580_cov_1.889524	99.14	True	True
106644	107223	580	1	EC034_NZ_JAERJB010000001.1	NODE_1318_length_580_cov_1.889524	98.97	True	True
85147	85726	1	580	EC031_NZ_JAERJC010000003.1	NODE_1318_length_580_cov_1.889524	98.97	True	True
105262	105840	580	1	BB226_NZ_JAEQDM010000002.1	NODE_1318_length_580_cov_1.889524	98.62	True	True
CONTIG	NODE_1318_length_580_cov_1.889524	580	ambiguous
CONTIG	NODE_1319_length_580_cov_1.794286	580	unaligned
214	792	1	579	CIP110549_fig_1392540.14.peg.884	NODE_1320_length_579_cov_2.717557	99.65	True	True
214	792	1	579	A39_fig_1219382.3.peg.507	NODE_1320_length_579_cov_2.717557	99.48	True	True
8574	9152	1	579	BB362_NZ_JAEQDL010000015.1	NODE_1320_length_579_cov_2.717557	99.14	True	True
CONTIG	NODE_1320_length_579_cov_2.717557	579	ambiguous
31338	31916	579	1	BB362_NZ_JAEQDL010000017.1	NODE_1321_length_579_cov_2.206107	99.31	True	True
124410	124988	579	1	BB226_NZ_JAEQDM010000003.1	NODE_1321_length_579_cov_2.206107	99.14	True	True
9923	10499	1	577	EC034_NZ_JAERJB010000018.1	NODE_1321_length_579_cov_2.206107	98.96	True	True
9923	10499	1	577	EC031_NZ_JAERJC010000014.1	NODE_1321_length_579_cov_2.206107	98.96	True	True
CONTIG	NODE_1321_length_579_cov_2.206107	579	ambiguous
102617	103158	38	579	BB226_NZ_JAEQDM010000006.1	NODE_1322_length_579_cov_2.196565	97.6		True
CONTIG	NODE_1322_length_579_cov_2.196565	579	correct
126896	127400	75	579	EC034_NZ_JAERJB010000002.1	NODE_1323_length_579_cov_1.860687	97.44		False
17657	18161	579	75	BB226_NZ_JAEQDM010000023.1	NODE_1323_length_579_cov_1.860687	97.23		False
122467	122971	75	579	BB362_NZ_JAEQDL010000003.1	NODE_1323_length_579_cov_1.860687	97.04		False
17412	17916	579	75	EC031_NZ_JAERJC010000020.1	NODE_1323_length_579_cov_1.860687	97.62		True
CONTIG	NODE_1323_length_579_cov_1.860687	579	correct
1209	1787	1	579	A39_fig_1219382.3.peg.2288	NODE_1324_length_579_cov_1.461832	99.83	True	True
1209	1787	1	579	CIP110549_fig_1392540.14.peg.1931	NODE_1324_length_579_cov_1.461832	99.14	True	True
CONTIG	NODE_1324_length_579_cov_1.461832	579	ambiguous
55354	55932	1	579	BB362_NZ_JAEQDL010000004.1	NODE_1325_length_579_cov_1.309160	97.58		True
CONTIG	NODE_1325_length_579_cov_1.309160	579	correct
CONTIG	NODE_1326_length_579_cov_1.177481	579	unaligned
CONTIG	NODE_1327_length_579_cov_1.007634	579	unaligned
CONTIG	NODE_1328_length_578_cov_2.068834	578	unaligned
613	1190	578	1	CIP110549_fig_1392540.14.peg.1485	NODE_1329_length_578_cov_1.992352	98.79		True
CONTIG	NODE_1329_length_578_cov_1.992352	578	correct
6911	7455	578	34	EC034_NZ_JAERJB010000004.1	NODE_1330_length_578_cov_1.957935	98.9		False
5723	6264	578	34	BB226_NZ_JAEQDM010000013.1	NODE_1330_length_578_cov_1.957935	98.17		False
3593	4137	578	34	EC031_NZ_JAERJC010000008.1	NODE_1330_length_578_cov_1.957935	98.9		True
CONTIG	NODE_1330_length_578_cov_1.957935	578	correct
560	1137	578	1	CIP110549_fig_1392540.14.peg.391	NODE_1331_length_578_cov_1.923518	99.13	True	True
560	1137	578	1	A39_fig_1219382.3.peg.777	NODE_1331_length_578_cov_1.923518	98.96	True	True
311740	312317	578	1	EC031_NZ_JAERJC010000001.1	NODE_1331_length_578_cov_1.923518	98.79	True	True
94995	95572	578	1	EC034_NZ_JAERJB010000009.1	NODE_1331_length_578_cov_1.923518	98.79	True	True
4316	4893	1	578	BB226_NZ_JAEQDM010000008.1	NODE_1331_length_578_cov_1.923518	98.62	True	True
CONTIG	NODE_1331_length_578_cov_1.923518	578	ambiguous
CONTIG	NODE_1332_length_578_cov_1.466539	578	unaligned
640	1215	577	1	BB226_NZ_JAEQDM010000060.1	NODE_1333_length_577_cov_2.446360	99.65	True	True
231994	232570	1	577	EC031_NZ_JAERJC010000002.1	NODE_1333_length_577_cov_2.446360	99.31	True	True
39971	40547	1	577	EC034_NZ_JAERJB010000023.1	NODE_1333_length_577_cov_2.446360	99.31	True	True
117851	118427	1	577	BB362_NZ_JAEQDL010000001.1	NODE_1333_length_577_cov_2.446360	99.13	True	True
CONTIG	NODE_1333_length_577_cov_2.446360	577	ambiguous
52424	53001	1	577	BB226_NZ_JAEQDM010000018.1	NODE_1334_length_577_cov_1.526820	99.48		True
CONTIG	NODE_1334_length_577_cov_1.526820	577	correct
97665	98241	577	1	BB362_NZ_JAEQDL010000001.1	NODE_1335_length_577_cov_1.473180	99.31		True
CONTIG	NODE_1335_length_577_cov_1.473180	577	correct
78132	78708	1	577	EC034_NZ_JAERJB010000012.1	NODE_1336_length_577_cov_1.331418	99.48	True	True
77952	78528	1	577	EC031_NZ_JAERJC010000002.1	NODE_1336_length_577_cov_1.331418	99.48	True	True
79328	79904	1	577	BB226_NZ_JAEQDM010000012.1	NODE_1336_length_577_cov_1.331418	99.31	True	True
CONTIG	NODE_1336_length_577_cov_1.331418	577	ambiguous
1474	2032	1	560	SCC474reference_NZ_VTDT01000044.1	NODE_1337_length_576_cov_3.111324	96.61		False
1474	2032	1	560	FNA3_NZ_VTDT01000044.1	NODE_1337_length_576_cov_3.111324	96.61		False
168	726	1	560	FNA11_NZ_VTDS01000038.1	NODE_1337_length_576_cov_3.111324	96.61		True
CONTIG	NODE_1337_length_576_cov_3.111324	576	correct
135	636	507	6	CIP110549_fig_1392540.14.peg.1829	NODE_1338_length_576_cov_2.380038	98.21		True
CONTIG	NODE_1338_length_576_cov_2.380038	576	correct
1469	2045	576	1	BB362_NZ_JAEQDL010000023.1	NODE_1339_length_576_cov_1.754319	98.79	True	True
42146	42722	576	1	BB226_NZ_JAEQDM010000005.1	NODE_1339_length_576_cov_1.754319	98.09	True	True
CONTIG	NODE_1339_length_576_cov_1.754319	576	ambiguous
74679	75254	576	1	EC034_NZ_JAERJB010000010.1	NODE_1340_length_576_cov_1.689060	98.78	True	True
139923	140498	1	576	EC031_NZ_JAERJC010000001.1	NODE_1340_length_576_cov_1.689060	98.78	True	True
62486	63061	576	1	BB226_NZ_JAEQDM010000016.1	NODE_1340_length_576_cov_1.689060	98.61	True	True
70218	70793	1	576	BB362_NZ_JAEQDL010000007.1	NODE_1340_length_576_cov_1.689060	98.44	True	True
CONTIG	NODE_1340_length_576_cov_1.689060	576	ambiguous
58442	59014	1	573	FNA3_NZ_VTDT01000014.1	NODE_1341_length_576_cov_1.669866	98.43	True	True
58442	59014	1	573	FNA11_NZ_VTDS01000001.1	NODE_1341_length_576_cov_1.669866	98.43	True	True
58442	59014	1	573	SCC474reference_NZ_VTDT01000014.1	NODE_1341_length_576_cov_1.669866	98.43	True	True
CONTIG	NODE_1341_length_576_cov_1.669866	576	ambiguous
419	969	1	551	CIP110549_fig_1392540.14.peg.2305	NODE_1342_length_575_cov_1.467308	97.46		True
CONTIG	NODE_1342_length_575_cov_1.467308	575	correct
172	746	1	575	CIP110549_fig_1392540.14.peg.669	NODE_1343_length_575_cov_1.228846	98.96	True	True
172	746	1	575	A39_fig_1219382.3.peg.1355	NODE_1343_length_575_cov_1.228846	98.26	True	True
CONTIG	NODE_1343_length_575_cov_1.228846	575	ambiguous
CONTIG	NODE_1344_length_574_cov_62.543353	574	unaligned
38035	38597	1	563	BB362_NZ_JAEQDL010000009.1	NODE_1345_length_573_cov_2.310811	98.58		True
CONTIG	NODE_1345_length_573_cov_2.310811	573	correct
3026	3191	437	272	A39_fig_1219382.3.peg.42	NODE_1346_length_573_cov_2.059846	92.17		True
CONTIG	NODE_1346_length_573_cov_2.059846	573	correct
367	939	1	573	CIP110549_fig_1392540.14.peg.145	NODE_1347_length_573_cov_1.658301	99.3	True	True
367	939	1	573	A39_fig_1219382.3.peg.2374	NODE_1347_length_573_cov_1.658301	99.3	True	True
2824	3396	573	1	BB362_NZ_JAEQDL010000054.1	NODE_1347_length_573_cov_1.658301	99.13	True	True
5874	6446	573	1	BB226_NZ_JAEQDM010000020.1	NODE_1347_length_573_cov_1.658301	99.13	True	True
109118	109690	573	1	EC034_NZ_JAERJB010000007.1	NODE_1347_length_573_cov_1.658301	98.78	True	True
47499	48071	1	573	EC031_NZ_JAERJC010000006.1	NODE_1347_length_573_cov_1.658301	98.78	True	True
CONTIG	NODE_1347_length_573_cov_1.658301	573	ambiguous
1	568	6	573	A39_fig_1219382.3.peg.1030	NODE_1348_length_573_cov_1.457529	98.77	True	True
138828	139400	573	1	BB362_NZ_JAEQDL010000002.1	NODE_1348_length_573_cov_1.457529	97.73	True	True
1	568	6	573	CIP110549_fig_1392540.14.peg.1474	NODE_1348_length_573_cov_1.457529	98.42	True	True
5204	5776	573	1	EC034_NZ_JAERJB010000021.1	NODE_1348_length_573_cov_1.457529	97.56	True	True
117585	118157	573	1	EC031_NZ_JAERJC010000005.1	NODE_1348_length_573_cov_1.457529	97.56	True	True
CONTIG	NODE_1348_length_573_cov_1.457529	573	ambiguous
CONTIG	NODE_1349_length_573_cov_1.359073	573	unaligned
1166	1738	573	1	CIP110549_fig_1392540.14.peg.2340	NODE_1350_length_573_cov_1.243243	99.48	True	True
4226	4798	573	1	BB226_NZ_JAEQDM010000055.1	NODE_1350_length_573_cov_1.243243	98.6	True	True
CONTIG	NODE_1350_length_573_cov_1.243243	573	ambiguous
CONTIG	NODE_1351_length_573_cov_0.874517	573	unaligned
37138	37709	572	1	BB362_NZ_JAEQDL010000009.1	NODE_1352_length_572_cov_3.243714	98.6	True	True
54405	54976	572	1	BB226_NZ_JAEQDM010000017.1	NODE_1352_length_572_cov_3.243714	97.9	True	True
CONTIG	NODE_1352_length_572_cov_3.243714	572	ambiguous
8304	8875	572	1	BB362_NZ_JAEQDL010000047.1	NODE_1353_length_572_cov_3.038685	99.65		True
CONTIG	NODE_1353_length_572_cov_3.038685	572	correct
63411	63982	572	1	BB362_NZ_JAEQDL010000002.1	NODE_1354_length_572_cov_2.479691	98.78	True	True
42253	42824	572	1	BB226_NZ_JAEQDM010000004.1	NODE_1354_length_572_cov_2.479691	98.08	True	True
CONTIG	NODE_1354_length_572_cov_2.479691	572	ambiguous
13634	14205	572	1	BB362_NZ_JAEQDL010000018.1	NODE_1355_length_572_cov_2.433269	99.48	True	True
2395	2966	1	572	A39_fig_1219382.3.peg.2419	NODE_1355_length_572_cov_2.433269	98.95	True	True
CONTIG	NODE_1355_length_572_cov_2.433269	572	ambiguous
459	1030	572	1	CIP110549_fig_1392540.14.peg.2177	NODE_1356_length_572_cov_2.177950	100.0	True	True
459	1030	572	1	A39_fig_1219382.3.peg.1806	NODE_1356_length_572_cov_2.177950	99.65	True	True
CONTIG	NODE_1356_length_572_cov_2.177950	572	ambiguous
538	1109	572	1	CIP110549_fig_1392540.14.peg.1291	NODE_1357_length_572_cov_2.154739	98.25	True	True
538	1109	572	1	A39_fig_1219382.3.peg.1213	NODE_1357_length_572_cov_2.154739	98.25	True	True
47992	48563	1	572	BB226_NZ_JAEQDM010000014.1	NODE_1357_length_572_cov_2.154739	97.9	True	True
CONTIG	NODE_1357_length_572_cov_2.154739	572	ambiguous
6611	7182	572	1	BB362_NZ_JAEQDL010000011.1	NODE_1358_length_572_cov_2.023211	96.33		True
CONTIG	NODE_1358_length_572_cov_2.023211	572	correct
62634	63205	1	572	BB362_NZ_JAEQDL010000001.1	NODE_1359_length_572_cov_1.938104	98.25		True
CONTIG	NODE_1359_length_572_cov_1.938104	572	correct
CONTIG	NODE_1360_length_572_cov_1.442940	572	unaligned
24112	24683	1	572	EC034_NZ_JAERJB010000027.1	NODE_1361_length_572_cov_1.332689	97.9	True	True
120141	120712	572	1	EC031_NZ_JAERJC010000004.1	NODE_1361_length_572_cov_1.332689	97.9	True	True
7185	7756	572	1	BB226_NZ_JAEQDM010000029.1	NODE_1361_length_572_cov_1.332689	97.55	True	True
369	940	1	572	A39_fig_1219382.3.peg.2217	NODE_1361_length_572_cov_1.332689	97.55	True	True
CONTIG	NODE_1361_length_572_cov_1.332689	572	ambiguous
8913	9483	571	1	BB362_NZ_JAEQDL010000044.1	NODE_1362_length_571_cov_2.306202	98.25	True	True
37863	38433	571	1	BB226_NZ_JAEQDM010000020.1	NODE_1362_length_571_cov_2.306202	97.72	True	True
CONTIG	NODE_1362_length_571_cov_2.306202	571	ambiguous
31663	32230	4	571	BB362_NZ_JAEQDL010000001.1	NODE_1363_length_571_cov_1.428295	97.54	True	True
28838	29402	7	571	BB226_NZ_JAEQDM010000011.1	NODE_1363_length_571_cov_1.428295	97.52	True	True
CONTIG	NODE_1363_length_571_cov_1.428295	571	ambiguous
55090	55659	1	571	FNA3_NZ_VTDT01000014.1	NODE_1364_length_571_cov_0.967054	98.95	True	True
55090	55659	1	571	FNA11_NZ_VTDS01000001.1	NODE_1364_length_571_cov_0.967054	98.95	True	True
55090	55659	1	571	SCC474reference_NZ_VTDT01000014.1	NODE_1364_length_571_cov_0.967054	98.95	True	True
114060	114630	1	571	EC24_NZ_VTDO01000006.1	NODE_1364_length_571_cov_0.967054	98.42	True	True
CONTIG	NODE_1364_length_571_cov_0.967054	571	ambiguous
CONTIG	NODE_1365_length_570_cov_2.203883	570	unaligned
37103	37672	570	1	EC034_NZ_JAERJB010000022.1	NODE_1366_length_570_cov_1.747573	99.12	True	True
37400	37969	570	1	EC031_NZ_JAERJC010000006.1	NODE_1366_length_570_cov_1.747573	99.12	True	True
2	571	570	1	A39_fig_1219382.3.peg.1289	NODE_1366_length_570_cov_1.747573	99.12	True	True
2	571	570	1	CIP110549_fig_1392540.14.peg.155	NODE_1366_length_570_cov_1.747573	99.12	True	True
15991	16560	1	570	BB226_NZ_JAEQDM010000020.1	NODE_1366_length_570_cov_1.747573	98.95	True	True
CONTIG	NODE_1366_length_570_cov_1.747573	570	ambiguous
87045	87614	1	570	EC031_NZ_JAERJC010000008.1	NODE_1367_length_570_cov_1.526214	98.42	True	True
90363	90932	1	570	EC034_NZ_JAERJB010000004.1	NODE_1367_length_570_cov_1.526214	98.42	True	True
CONTIG	NODE_1367_length_570_cov_1.526214	570	ambiguous
79233	79802	570	1	BB226_NZ_JAEQDM010000004.1	NODE_1368_length_570_cov_1.351456	99.65		True
CONTIG	NODE_1368_length_570_cov_1.351456	570	correct
56013	56581	1	569	EC034_NZ_JAERJB010000014.1	NODE_1369_length_569_cov_2.007782	99.82	True	True
68584	69152	1	569	EC031_NZ_JAERJC010000011.1	NODE_1369_length_569_cov_2.007782	99.82	True	True
140636	141204	1	569	BB226_NZ_JAEQDM010000001.1	NODE_1369_length_569_cov_2.007782	99.65	True	True
15912	16480	1	569	BB362_NZ_JAEQDL010000034.1	NODE_1369_length_569_cov_2.007782	99.65	True	True
CONTIG	NODE_1369_length_569_cov_2.007782	569	ambiguous
CONTIG	NODE_1370_length_569_cov_1.994163	569	unaligned
554	1122	569	1	CIP110549_fig_1392540.14.peg.166	NODE_1371_length_569_cov_1.947471	99.65	True	True
26758	27326	1	569	BB226_NZ_JAEQDM010000020.1	NODE_1371_length_569_cov_1.947471	98.77	True	True
CONTIG	NODE_1371_length_569_cov_1.947471	569	ambiguous
18052	18587	560	29	BB362_NZ_JAEQDL010000024.1	NODE_1372_length_569_cov_0.898833	97.57		True
CONTIG	NODE_1372_length_569_cov_0.898833	569	correct
32535	33102	568	1	BB362_NZ_JAEQDL010000026.1	NODE_1373_length_568_cov_2.962963	97.01	True	True
11782	12349	568	1	EC031_NZ_JAERJC010000011.1	NODE_1373_length_568_cov_2.962963	96.83	True	True
83822	84389	568	1	BB226_NZ_JAEQDM010000001.1	NODE_1373_length_568_cov_2.962963	96.34	True	True
CONTIG	NODE_1373_length_568_cov_2.962963	568	ambiguous
1156	1723	568	1	CIP110549_fig_1392540.14.peg.668	NODE_1374_length_568_cov_2.423002	99.65	True	True
65456	66023	1	568	BB226_NZ_JAEQDM010000007.1	NODE_1374_length_568_cov_2.423002	99.47	True	True
1282	1849	568	1	A39_fig_1219382.3.peg.1356	NODE_1374_length_568_cov_2.423002	99.3	True	True
16132	16699	1	568	BB362_NZ_JAEQDL010000010.1	NODE_1374_length_568_cov_2.423002	98.77	True	True
CONTIG	NODE_1374_length_568_cov_2.423002	568	ambiguous
83828	84395	568	1	BB226_NZ_JAEQDM010000006.1	NODE_1375_length_568_cov_2.194932	98.77	True	True
101140	101707	568	1	EC034_NZ_JAERJB010000005.1	NODE_1375_length_568_cov_2.194932	98.06	True	True
24857	25424	1	568	EC031_NZ_JAERJC010000001.1	NODE_1375_length_568_cov_2.194932	98.06	True	True
3717	4284	1	568	BB362_NZ_JAEQDL010000015.1	NODE_1375_length_568_cov_2.194932	97.89	True	True
CONTIG	NODE_1375_length_568_cov_2.194932	568	ambiguous
42857	43424	568	1	BB226_NZ_JAEQDM010000006.1	NODE_1376_length_568_cov_1.937622	97.89		True
CONTIG	NODE_1376_length_568_cov_1.937622	568	correct
CONTIG	NODE_1377_length_568_cov_1.612086	568	unaligned
CONTIG	NODE_1378_length_568_cov_0.820663	568	unaligned
19178	19744	567	1	BB226_NZ_JAEQDM010000020.1	NODE_1379_length_567_cov_2.341797	99.47	True	True
8368	8934	1	567	BB362_NZ_JAEQDL010000052.1	NODE_1379_length_567_cov_2.341797	99.12	True	True
33911	34477	1	567	EC034_NZ_JAERJB010000022.1	NODE_1379_length_567_cov_2.341797	99.12	True	True
34208	34774	1	567	EC031_NZ_JAERJC010000006.1	NODE_1379_length_567_cov_2.341797	99.12	True	True
CONTIG	NODE_1379_length_567_cov_2.341797	567	ambiguous
19976	20542	567	1	BB362_NZ_JAEQDL010000007.1	NODE_1380_length_567_cov_1.427734	99.47	True	True
799	1365	567	1	CIP110549_fig_1392540.14.peg.823	NODE_1380_length_567_cov_1.427734	99.29	True	True
88083	88649	567	1	EC031_NZ_JAERJC010000001.1	NODE_1380_length_567_cov_1.427734	99.12	True	True
37915	38481	1	567	EC034_NZ_JAERJB010000005.1	NODE_1380_length_567_cov_1.427734	99.12	True	True
799	1365	567	1	A39_fig_1219382.3.peg.569	NODE_1380_length_567_cov_1.427734	98.94	True	True
20597	21160	1	564	BB226_NZ_JAEQDM010000006.1	NODE_1380_length_567_cov_1.427734	99.11	True	True
CONTIG	NODE_1380_length_567_cov_1.427734	567	ambiguous
CONTIG	NODE_1381_length_567_cov_1.144531	567	unaligned
1657	2222	1	566	CIP110549_fig_1392540.14.peg.581	NODE_1382_length_566_cov_1.845401	99.65		True
CONTIG	NODE_1382_length_566_cov_1.845401	566	correct
16340	16905	1	566	BB226_NZ_JAEQDM010000021.1	NODE_1383_length_566_cov_1.686888	98.23		True
CONTIG	NODE_1383_length_566_cov_1.686888	566	correct
34182	34747	1	566	BB226_NZ_JAEQDM010000009.1	NODE_1384_length_566_cov_1.606654	99.47	True	True
65566	66129	564	1	BB362_NZ_JAEQDL010000003.1	NODE_1384_length_566_cov_1.606654	98.94	True	True
CONTIG	NODE_1384_length_566_cov_1.606654	566	ambiguous
191127	191692	1	566	EC031_NZ_JAERJC010000003.1	NODE_1385_length_566_cov_1.121331	98.23	True	True
678	1243	566	1	EC034_NZ_JAERJB010000001.1	NODE_1385_length_566_cov_1.121331	98.23	True	True
1695	2260	566	1	BB226_NZ_JAEQDM010000002.1	NODE_1385_length_566_cov_1.121331	97.88	True	True
CONTIG	NODE_1385_length_566_cov_1.121331	566	ambiguous
83	648	1	566	CIP110549_fig_1392540.14.peg.893	NODE_1386_length_566_cov_1.029354	98.94	True	True
89145	89710	566	1	BB226_NZ_JAEQDM010000006.1	NODE_1386_length_566_cov_1.029354	98.76	True	True
83	648	1	566	A39_fig_1219382.3.peg.498	NODE_1386_length_566_cov_1.029354	98.06	True	True
CONTIG	NODE_1386_length_566_cov_1.029354	566	ambiguous
CONTIG	NODE_1387_length_566_cov_0.915851	566	unaligned
CONTIG	NODE_1388_length_566_cov_0.831703	566	unaligned
CONTIG	NODE_1389_length_565_cov_20.652941	565	unaligned
125790	126354	1	565	BB362_NZ_JAEQDL010000002.1	NODE_1390_length_565_cov_1.931373	99.12	True	True
113347	113911	1	565	BB226_NZ_JAEQDM010000004.1	NODE_1390_length_565_cov_1.931373	99.12	True	True
104593	105157	1	565	EC031_NZ_JAERJC010000005.1	NODE_1390_length_565_cov_1.931373	98.41	True	True
95397	95961	1	565	EC034_NZ_JAERJB010000008.1	NODE_1390_length_565_cov_1.931373	98.41	True	True
CONTIG	NODE_1390_length_565_cov_1.931373	565	ambiguous
256	820	1	565	A39_fig_1219382.3.peg.455	NODE_1391_length_565_cov_1.837255	99.47	True	True
241	805	1	565	CIP110549_fig_1392540.14.peg.937	NODE_1391_length_565_cov_1.837255	99.47	True	True
34374	34938	1	565	BB226_NZ_JAEQDM010000012.1	NODE_1391_length_565_cov_1.837255	98.76	True	True
34594	35158	1	565	EC034_NZ_JAERJB010000012.1	NODE_1391_length_565_cov_1.837255	98.58	True	True
34414	34978	1	565	EC031_NZ_JAERJC010000002.1	NODE_1391_length_565_cov_1.837255	98.58	True	True
CONTIG	NODE_1391_length_565_cov_1.837255	565	ambiguous
54060	54620	565	5	BB226_NZ_JAEQDM010000011.1	NODE_1392_length_565_cov_1.098039	98.75	True	True
156400	156962	565	3	EC031_NZ_JAERJC010000002.1	NODE_1392_length_565_cov_1.098039	98.05	True	True
16272	16834	565	3	EC034_NZ_JAERJB010000020.1	NODE_1392_length_565_cov_1.098039	98.05	True	True
CONTIG	NODE_1392_length_565_cov_1.098039	565	ambiguous
44330	44892	1	564	BB362_NZ_JAEQDL010000008.1	NODE_1393_length_564_cov_2.514735	99.65	True	True
124724	125286	1	564	EC031_NZ_JAERJC010000003.1	NODE_1393_length_564_cov_2.514735	99.11	True	True
67084	67646	564	1	EC034_NZ_JAERJB010000001.1	NODE_1393_length_564_cov_2.514735	99.11	True	True
CONTIG	NODE_1393_length_564_cov_2.514735	564	ambiguous
14626	15189	1	564	BB362_NZ_JAEQDL010000020.1	NODE_1394_length_564_cov_2.235756	99.11	True	True
12624	13187	1	564	BB226_NZ_JAEQDM010000025.1	NODE_1394_length_564_cov_2.235756	99.11	True	True
13096	13659	1	564	EC034_NZ_JAERJB010000024.1	NODE_1394_length_564_cov_2.235756	98.76	True	True
13096	13659	1	564	EC031_NZ_JAERJC010000019.1	NODE_1394_length_564_cov_2.235756	98.76	True	True
CONTIG	NODE_1394_length_564_cov_2.235756	564	ambiguous
493	1052	5	564	SCC477_NZ_VTDQ01000087.1	NODE_1395_length_564_cov_1.996071	95.18	True	True
564	1123	5	564	FNA11_NZ_VTDS01000036.1	NODE_1395_length_564_cov_1.996071	95.0	True	True
184	743	564	5	SCC474reference_NZ_VTDT01000052.1	NODE_1395_length_564_cov_1.996071	95.0	True	True
184	743	564	5	FNA3_NZ_VTDT01000052.1	NODE_1395_length_564_cov_1.996071	95.0	True	True
10011	10570	564	5	FNA11_NZ_VTDS01000038.1	NODE_1395_length_564_cov_1.996071	94.31	True	True
190	749	564	5	SCC474reference_NZ_VTDT01000044.1	NODE_1395_length_564_cov_1.996071	94.31	True	True
190	749	564	5	FNA3_NZ_VTDT01000044.1	NODE_1395_length_564_cov_1.996071	94.31	True	True
1082	1643	562	1	BB226_NZ_JAEQDM010000042.1	NODE_1395_length_564_cov_1.996071	93.95	True	True
CONTIG	NODE_1395_length_564_cov_1.996071	564	ambiguous
515	1079	564	1	CIP110549_fig_1392540.14.peg.1425	NODE_1396_length_564_cov_1.817289	99.29	True	True
65538	66102	564	1	BB226_NZ_JAEQDM010000004.1	NODE_1396_length_564_cov_1.817289	98.41	True	True
CONTIG	NODE_1396_length_564_cov_1.817289	564	ambiguous
130275	130838	1	564	BB226_NZ_JAEQDM010000003.1	NODE_1397_length_564_cov_1.642436	98.94	True	True
37203	37766	1	564	BB362_NZ_JAEQDL010000017.1	NODE_1397_length_564_cov_1.642436	98.76	True	True
CONTIG	NODE_1397_length_564_cov_1.642436	564	ambiguous
CONTIG	NODE_1398_length_564_cov_0.962672	564	unaligned
373	935	1	563	A39_fig_1219382.3.peg.464	NODE_1399_length_563_cov_2.196850	99.82	True	True
26353	26915	563	1	BB226_NZ_JAEQDM010000012.1	NODE_1399_length_563_cov_2.196850	98.93	True	True
373	935	1	563	CIP110549_fig_1392540.14.peg.928	NODE_1399_length_563_cov_2.196850	98.93	True	True
CONTIG	NODE_1399_length_563_cov_2.196850	563	ambiguous
29731	30288	6	563	BB226_NZ_JAEQDM010000003.1	NODE_1400_length_563_cov_1.344488	98.92		True
CONTIG	NODE_1400_length_563_cov_1.344488	563	correct
CONTIG	NODE_1401_length_562_cov_4.116371	562	unaligned
494	1055	562	1	A39_fig_1219382.3.peg.1465	NODE_1402_length_562_cov_2.605523	99.29	True	True
800	1361	562	1	CIP110549_fig_1392540.14.peg.619	NODE_1402_length_562_cov_2.605523	99.11	True	True
10184	10745	1	562	BB226_NZ_JAEQDM010000007.1	NODE_1402_length_562_cov_2.605523	98.58	True	True
CONTIG	NODE_1402_length_562_cov_2.605523	562	ambiguous
43481	44052	1	562	BB226_NZ_JAEQDM010000021.1	NODE_1403_length_562_cov_1.700197	97.73	True	True
207223	207795	562	1	BB362_NZ_JAEQDL010000001.1	NODE_1403_length_562_cov_1.700197	97.56	True	True
83524	84095	562	1	EC034_NZ_JAERJB010000004.1	NODE_1403_length_562_cov_1.700197	97.2	True	True
80206	80777	562	1	EC031_NZ_JAERJC010000008.1	NODE_1403_length_562_cov_1.700197	97.2	True	True
CONTIG	NODE_1403_length_562_cov_1.700197	562	ambiguous
CONTIG	NODE_1404_length_562_cov_1.289941	562	unaligned
CONTIG	NODE_1405_length_562_cov_1.138067	562	unaligned
1480	2041	1	562	CIP110549_fig_1392540.14.peg.2328	NODE_1406_length_562_cov_1.126233	99.29		True
CONTIG	NODE_1406_length_562_cov_1.126233	562	correct
65001	65561	1	561	BB226_NZ_JAEQDM010000010.1	NODE_1407_length_561_cov_1.770751	98.22	True	True
15370	15930	1	561	BB362_NZ_JAEQDL010000033.1	NODE_1407_length_561_cov_1.770751	97.68	True	True
14804	15364	1	561	FNA3_NZ_VTDT01000030.1	NODE_1407_length_561_cov_1.770751	97.33	True	True
9543	10103	561	1	FNA11_NZ_VTDS01000026.1	NODE_1407_length_561_cov_1.770751	97.33	True	True
14804	15364	1	561	SCC474reference_NZ_VTDT01000030.1	NODE_1407_length_561_cov_1.770751	97.33	True	True
19574	20134	1	561	SCC477_NZ_VTDQ01000031.1	NODE_1407_length_561_cov_1.770751	97.33	True	True
CONTIG	NODE_1407_length_561_cov_1.770751	561	ambiguous
22233	22793	561	1	EC031_NZ_JAERJC010000003.1	NODE_1408_length_561_cov_1.171937	99.11	True	True
169577	170137	1	561	EC034_NZ_JAERJB010000001.1	NODE_1408_length_561_cov_1.171937	99.11	True	True
116	676	561	1	CIP110549_fig_1392540.14.peg.636	NODE_1408_length_561_cov_1.171937	98.75	True	True
CONTIG	NODE_1408_length_561_cov_1.171937	561	ambiguous
145	704	560	1	CIP110549_fig_1392540.14.peg.1869	NODE_1409_length_560_cov_1.942574	99.46	True	True
145	704	560	1	A39_fig_1219382.3.peg.2225	NODE_1409_length_560_cov_1.942574	98.93	True	True
CONTIG	NODE_1409_length_560_cov_1.942574	560	ambiguous
167	701	535	1	A39_fig_1219382.3.peg.215	NODE_1410_length_560_cov_1.467327	97.94		False
167	701	535	1	CIP110549_fig_1392540.14.peg.1133	NODE_1410_length_560_cov_1.467327	98.13		True
CONTIG	NODE_1410_length_560_cov_1.467327	560	correct
CONTIG	NODE_1411_length_560_cov_1.342574	560	unaligned
CONTIG	NODE_1412_length_559_cov_4.325397	559	unaligned
9135	9693	559	1	BB226_NZ_JAEQDM010000018.1	NODE_1413_length_559_cov_3.291667	99.64		True
CONTIG	NODE_1413_length_559_cov_3.291667	559	correct
44491	45049	559	1	BB226_NZ_JAEQDM010000016.1	NODE_1414_length_559_cov_2.765873	99.64	True	True
56699	57257	559	1	EC034_NZ_JAERJB010000010.1	NODE_1414_length_559_cov_2.765873	99.46	True	True
157920	158478	1	559	EC031_NZ_JAERJC010000001.1	NODE_1414_length_559_cov_2.765873	99.46	True	True
15852	16410	1	559	BB362_NZ_JAEQDL010000014.1	NODE_1414_length_559_cov_2.765873	99.11	True	True
CONTIG	NODE_1414_length_559_cov_2.765873	559	ambiguous
167	725	1	559	A39_fig_1219382.3.peg.1784	NODE_1415_length_559_cov_2.376984	99.46	True	True
75511	76069	559	1	EC031_NZ_JAERJC010000011.1	NODE_1415_length_559_cov_2.376984	98.93	True	True
167	725	1	559	CIP110549_fig_1392540.14.peg.2199	NODE_1415_length_559_cov_2.376984	98.93	True	True
62940	63498	559	1	EC034_NZ_JAERJB010000014.1	NODE_1415_length_559_cov_2.376984	98.93	True	True
12181	12739	1	559	BB226_NZ_JAEQDM010000035.1	NODE_1415_length_559_cov_2.376984	98.57	True	True
CONTIG	NODE_1415_length_559_cov_2.376984	559	ambiguous
1320	1878	1	559	BB226_NZ_JAEQDM010000057.1	NODE_1416_length_559_cov_1.763889	97.85	True	True
9308	9866	559	1	EC034_NZ_JAERJB010000033.1	NODE_1416_length_559_cov_1.763889	97.85	True	True
9308	9866	559	1	EC031_NZ_JAERJC010000017.1	NODE_1416_length_559_cov_1.763889	97.85	True	True
CONTIG	NODE_1416_length_559_cov_1.763889	559	ambiguous
222582	223140	559	1	BB362_NZ_JAEQDL010000001.1	NODE_1417_length_559_cov_1.228175	98.39	True	True
28114	28672	1	559	BB226_NZ_JAEQDM010000021.1	NODE_1417_length_559_cov_1.228175	97.67	True	True
CONTIG	NODE_1417_length_559_cov_1.228175	559	ambiguous
CONTIG	NODE_1418_length_559_cov_0.910714	559	unaligned
CONTIG	NODE_1419_length_558_cov_2.469185	558	unaligned
97419	97981	558	1	EC24_NZ_VTDO01000006.1	NODE_1420_length_558_cov_1.447316	95.75		True
CONTIG	NODE_1420_length_558_cov_1.447316	558	correct
49347	49734	64	451	FNA3_NZ_VTDT01000003.1	NODE_1421_length_558_cov_1.328032	98.2		False
49347	49734	64	451	SCC474reference_NZ_VTDT01000003.1	NODE_1421_length_558_cov_1.328032	98.2		False
116390	116777	451	64	SCC477_NZ_VTDQ01000003.1	NODE_1421_length_558_cov_1.328032	98.2		False
49946	50056	448	558	FNA3_NZ_VTDT01000003.1	NODE_1421_length_558_cov_1.328032	98.2		False
116068	116178	558	448	SCC477_NZ_VTDQ01000003.1	NODE_1421_length_558_cov_1.328032	98.2		False
49946	50056	448	558	SCC474reference_NZ_VTDT01000003.1	NODE_1421_length_558_cov_1.328032	98.2		False
132666	133053	451	64	FNA11_NZ_VTDS01000004.1	NODE_1421_length_558_cov_1.328032	98.2		True
local misassembly
132344	132450	558	452	FNA11_NZ_VTDS01000004.1	NODE_1421_length_558_cov_1.328032	98.2		True
CONTIG	NODE_1421_length_558_cov_1.328032	558	correct
1802	2359	558	1	CIP110549_fig_1392540.14.peg.2019	NODE_1422_length_558_cov_1.099404	99.64	True	True
1802	2359	558	1	A39_fig_1219382.3.peg.1983	NODE_1422_length_558_cov_1.099404	99.28	True	True
CONTIG	NODE_1422_length_558_cov_1.099404	558	ambiguous
597	1149	557	5	A39_fig_1219382.3.peg.985	NODE_1423_length_557_cov_1.912351	99.1	True	True
91879	92435	557	1	BB226_NZ_JAEQDM010000009.1	NODE_1423_length_557_cov_1.912351	97.85	True	True
CONTIG	NODE_1423_length_557_cov_1.912351	557	ambiguous
118354	118910	1	557	EC031_NZ_JAERJC010000005.1	NODE_1424_length_557_cov_1.866534	95.88	True	True
5973	6529	1	557	EC034_NZ_JAERJB010000021.1	NODE_1424_length_557_cov_1.866534	95.88	True	True
1693	2249	557	1	BB226_NZ_JAEQDM010000039.1	NODE_1424_length_557_cov_1.866534	95.16	True	True
139597	140149	1	553	BB362_NZ_JAEQDL010000002.1	NODE_1424_length_557_cov_1.866534	95.66	True	True
CONTIG	NODE_1424_length_557_cov_1.866534	557	ambiguous
141721	142278	1	557	EC031_NZ_JAERJC010000004.1	NODE_1425_length_557_cov_1.750996	98.57	True	True
2546	3103	557	1	EC034_NZ_JAERJB010000027.1	NODE_1425_length_557_cov_1.750996	98.57	True	True
CONTIG	NODE_1425_length_557_cov_1.750996	557	ambiguous
450	1006	1	557	CIP110549_fig_1392540.14.peg.2187	NODE_1426_length_557_cov_1.603586	99.82	True	True
49841	50397	1	557	EC034_NZ_JAERJB010000014.1	NODE_1426_length_557_cov_1.603586	98.92	True	True
62412	62968	1	557	EC031_NZ_JAERJC010000011.1	NODE_1426_length_557_cov_1.603586	98.92	True	True
CONTIG	NODE_1426_length_557_cov_1.603586	557	ambiguous
301	856	1	556	A39_fig_1219382.3.peg.1725	NODE_1427_length_556_cov_1.816367	99.64	True	True
301	856	1	556	CIP110549_fig_1392540.14.peg.17	NODE_1427_length_556_cov_1.816367	99.46	True	True
112773	113328	1	556	EC031_NZ_JAERJC010000006.1	NODE_1427_length_556_cov_1.816367	99.1	True	True
43861	44416	556	1	EC034_NZ_JAERJB010000007.1	NODE_1427_length_556_cov_1.816367	99.1	True	True
CONTIG	NODE_1427_length_556_cov_1.816367	556	ambiguous
1252	1686	121	555	A39_fig_1219382.3.peg.81	NODE_1428_length_555_cov_2.602000	95.86		False
1252	1686	121	555	CIP110549_fig_1392540.14.peg.2485	NODE_1428_length_555_cov_2.602000	96.32		True
CONTIG	NODE_1428_length_555_cov_2.602000	555	correct
57715	58269	555	1	BB226_NZ_JAEQDM010000003.1	NODE_1429_length_555_cov_1.876000	98.02		True
CONTIG	NODE_1429_length_555_cov_1.876000	555	correct
37169	37724	555	1	EC031_NZ_JAERJC010000005.1	NODE_1430_length_555_cov_1.874000	98.56	True	True
27973	28528	555	1	EC034_NZ_JAERJB010000008.1	NODE_1430_length_555_cov_1.874000	98.56	True	True
36512	37065	555	1	BB226_NZ_JAEQDM010000004.1	NODE_1430_length_555_cov_1.874000	98.56	True	True
57673	58223	551	1	BB362_NZ_JAEQDL010000002.1	NODE_1430_length_555_cov_1.874000	98.91	True	True
CONTIG	NODE_1430_length_555_cov_1.874000	555	ambiguous
372	926	1	555	A39_fig_1219382.3.peg.1867	NODE_1431_length_555_cov_1.482000	98.38	True	True
372	926	1	555	CIP110549_fig_1392540.14.peg.2124	NODE_1431_length_555_cov_1.482000	98.38	True	True
8090	8644	555	1	EC034_NZ_JAERJB010000006.1	NODE_1431_length_555_cov_1.482000	98.2	True	True
13579	14133	1	555	BB362_NZ_JAEQDL010000026.1	NODE_1431_length_555_cov_1.482000	98.2	True	True
102811	103365	1	555	EC031_NZ_JAERJC010000010.1	NODE_1431_length_555_cov_1.482000	98.2	True	True
62106	62660	1	555	BB226_NZ_JAEQDM010000001.1	NODE_1431_length_555_cov_1.482000	98.02	True	True
CONTIG	NODE_1431_length_555_cov_1.482000	555	ambiguous
13286	13839	554	1	BB362_NZ_JAEQDL010000021.1	NODE_1432_length_554_cov_2.468938	99.46	True	True
635	1188	554	1	CIP110549_fig_1392540.14.peg.2433	NODE_1432_length_554_cov_2.468938	99.1	True	True
635	1188	554	1	A39_fig_1219382.3.peg.2519	NODE_1432_length_554_cov_2.468938	98.92	True	True
17701	18254	554	1	EC031_NZ_JAERJC010000015.1	NODE_1432_length_554_cov_2.468938	98.56	True	True
37297	37850	1	554	EC034_NZ_JAERJB010000017.1	NODE_1432_length_554_cov_2.468938	98.56	True	True
CONTIG	NODE_1432_length_554_cov_2.468938	554	ambiguous
7	560	554	1	EC034_NZ_JAERJB010000042.1	NODE_1433_length_554_cov_2.260521	99.82	True	True
7292	7845	1	554	EC031_NZ_JAERJC010000005.1	NODE_1433_length_554_cov_2.260521	99.82	True	True
CONTIG	NODE_1433_length_554_cov_2.260521	554	ambiguous
15514	16067	1	554	BB226_NZ_JAEQDM010000029.1	NODE_1434_length_554_cov_1.919840	97.65		True
CONTIG	NODE_1434_length_554_cov_1.919840	554	correct
391	944	554	1	BB362_NZ_JAEQDL010000001.1	NODE_1435_length_554_cov_1.547094	97.47	True	True
82259	82812	554	1	EC034_NZ_JAERJB010000012.1	NODE_1435_length_554_cov_1.547094	97.47	True	True
82079	82632	554	1	EC031_NZ_JAERJC010000002.1	NODE_1435_length_554_cov_1.547094	97.47	True	True
541	1094	554	1	CIP110549_fig_1392540.14.peg.985	NODE_1435_length_554_cov_1.547094	97.11	True	True
541	1094	554	1	A39_fig_1219382.3.peg.408	NODE_1435_length_554_cov_1.547094	96.57	True	True
CONTIG	NODE_1435_length_554_cov_1.547094	554	ambiguous
167843	168396	1	554	EC031_NZ_JAERJC010000003.1	NODE_1436_length_554_cov_1.535070	99.46	True	True
25039	25592	554	1	BB226_NZ_JAEQDM010000002.1	NODE_1436_length_554_cov_1.535070	99.46	True	True
23974	24527	554	1	EC034_NZ_JAERJB010000001.1	NODE_1436_length_554_cov_1.535070	99.46	True	True
696	1249	1	554	A39_fig_1219382.3.peg.1593	NODE_1436_length_554_cov_1.535070	99.28	True	True
696	1249	1	554	CIP110549_fig_1392540.14.peg.485	NODE_1436_length_554_cov_1.535070	99.28	True	True
9705	10258	554	1	BB362_NZ_JAEQDL010000055.1	NODE_1436_length_554_cov_1.535070	99.1	True	True
CONTIG	NODE_1436_length_554_cov_1.535070	554	ambiguous
73856	74110	12	266	BB226_NZ_JAEQDM010000011.1	NODE_1437_length_553_cov_2.734940	95.29		True
CONTIG	NODE_1437_length_553_cov_2.734940	553	correct
30943	31495	553	1	BB226_NZ_JAEQDM010000006.1	NODE_1438_length_553_cov_1.319277	98.92		True
CONTIG	NODE_1438_length_553_cov_1.319277	553	correct
59	611	553	1	CIP110549_fig_1392540.14.peg.2220	NODE_1439_length_553_cov_1.170683	99.28	True	True
6617	7169	1	553	EC034_NZ_JAERJB010000007.1	NODE_1439_length_553_cov_1.170683	98.37	True	True
21233	21785	553	1	BB362_NZ_JAEQDL010000028.1	NODE_1439_length_553_cov_1.170683	98.37	True	True
150020	150572	553	1	EC031_NZ_JAERJC010000006.1	NODE_1439_length_553_cov_1.170683	98.37	True	True
CONTIG	NODE_1439_length_553_cov_1.170683	553	ambiguous
2133	2685	553	1	CIP110549_fig_1392540.14.peg.1007	NODE_1440_length_553_cov_1.120482	99.1	True	True
26160	26712	553	1	BB226_NZ_JAEQDM010000011.1	NODE_1440_length_553_cov_1.120482	98.73	True	True
109788	110340	553	1	EC031_NZ_JAERJC010000002.1	NODE_1440_length_553_cov_1.120482	98.55	True	True
28987	29539	553	1	BB362_NZ_JAEQDL010000001.1	NODE_1440_length_553_cov_1.120482	98.55	True	True
28878	29430	1	553	EC034_NZ_JAERJB010000019.1	NODE_1440_length_553_cov_1.120482	98.55	True	True
CONTIG	NODE_1440_length_553_cov_1.120482	553	ambiguous
CONTIG	NODE_1441_length_553_cov_0.927711	553	unaligned
1	499	499	1	CIP110549_fig_1392540.14.peg.779	NODE_1442_length_552_cov_3.223340	99.4		True
CONTIG	NODE_1442_length_552_cov_3.223340	552	correct
CONTIG	NODE_1443_length_552_cov_1.195171	552	unaligned
CONTIG	NODE_1444_length_552_cov_1.042254	552	unaligned
CONTIG	NODE_1445_length_552_cov_1.018109	552	unaligned
47140	47692	551	1	BB362_NZ_JAEQDL010000002.1	NODE_1446_length_551_cov_2.241935	98.19	True	True
637	1189	1	551	CIP110549_fig_1392540.14.peg.1394	NODE_1446_length_551_cov_2.241935	97.65	True	True
637	1189	1	551	A39_fig_1219382.3.peg.1111	NODE_1446_length_551_cov_2.241935	97.47	True	True
CONTIG	NODE_1446_length_551_cov_2.241935	551	ambiguous
17969	18281	313	1	BB362_NZ_JAEQDL010000034.1	NODE_1447_length_551_cov_1.608871	98.4		False
58071	58381	313	1	EC034_NZ_JAERJB010000014.1	NODE_1447_length_551_cov_1.608871	98.08		False
70642	70952	313	1	EC031_NZ_JAERJC010000011.1	NODE_1447_length_551_cov_1.608871	98.08		False
57634	57871	551	314	EC034_NZ_JAERJB010000014.1	NODE_1447_length_551_cov_1.608871	99.16		False
70205	70442	551	314	EC031_NZ_JAERJC010000011.1	NODE_1447_length_551_cov_1.608871	99.16		False
17532	17769	551	314	BB362_NZ_JAEQDL010000034.1	NODE_1447_length_551_cov_1.608871	98.74		False
142694	143005	313	1	BB226_NZ_JAEQDM010000001.1	NODE_1447_length_551_cov_1.608871	98.72		True
indel: indel (> 5bp)
142257	142494	551	314	BB226_NZ_JAEQDM010000001.1	NODE_1447_length_551_cov_1.608871	98.32		True
CONTIG	NODE_1447_length_551_cov_1.608871	551	correct
CONTIG	NODE_1448_length_551_cov_1.167339	551	unaligned
139	688	1	550	A39_fig_1219382.3.peg.2266	NODE_1449_length_550_cov_2.060606	98.55		True
CONTIG	NODE_1449_length_550_cov_2.060606	550	correct
483	1032	550	1	CIP110549_fig_1392540.14.peg.301	NODE_1450_length_550_cov_2.038384	98.36	True	True
483	1032	550	1	A39_fig_1219382.3.peg.688	NODE_1450_length_550_cov_2.038384	98.18	True	True
2760	3309	550	1	EC034_NZ_JAERJB010000009.1	NODE_1450_length_550_cov_2.038384	98.0	True	True
219505	220054	550	1	EC031_NZ_JAERJC010000001.1	NODE_1450_length_550_cov_2.038384	98.0	True	True
96587	97135	1	549	BB226_NZ_JAEQDM010000008.1	NODE_1450_length_550_cov_2.038384	98.0	True	True
CONTIG	NODE_1450_length_550_cov_2.038384	550	ambiguous
517	1066	1	550	A39_fig_1219382.3.peg.57	NODE_1451_length_550_cov_1.250505	99.27		True
CONTIG	NODE_1451_length_550_cov_1.250505	550	correct
46450	47000	1	550	BB226_NZ_JAEQDM010000014.1	NODE_1452_length_550_cov_1.232323	97.82	True	True
34447	34997	550	1	BB362_NZ_JAEQDL010000005.1	NODE_1452_length_550_cov_1.232323	97.46	True	True
CONTIG	NODE_1452_length_550_cov_1.232323	550	ambiguous
126583	127132	1	550	BB226_NZ_JAEQDM010000001.1	NODE_1453_length_550_cov_1.212121	97.82	True	True
57	606	550	1	A39_fig_1219382.3.peg.1803	NODE_1453_length_550_cov_1.212121	97.82	True	True
57	606	550	1	CIP110549_fig_1392540.14.peg.2180	NODE_1453_length_550_cov_1.212121	97.64	True	True
1853	2402	1	550	BB362_NZ_JAEQDL010000034.1	NODE_1453_length_550_cov_1.212121	97.27	True	True
CONTIG	NODE_1453_length_550_cov_1.212121	550	ambiguous
2283	2831	1	549	BB362_NZ_JAEQDL010000054.1	NODE_1454_length_549_cov_2.265182	99.09		True
CONTIG	NODE_1454_length_549_cov_2.265182	549	correct
8495	9043	549	1	EC031_NZ_JAERJC010000005.1	NODE_1455_length_549_cov_2.141700	98.36		True
CONTIG	NODE_1455_length_549_cov_2.141700	549	correct
627	1175	549	1	CIP110549_fig_1392540.14.peg.406	NODE_1456_length_549_cov_1.953441	99.64	True	True
21009	21557	549	1	BB226_NZ_JAEQDM010000025.1	NODE_1456_length_549_cov_1.953441	98.72	True	True
CONTIG	NODE_1456_length_549_cov_1.953441	549	ambiguous
394	940	549	3	CIP110549_fig_1392540.14.peg.626	NODE_1457_length_549_cov_1.783401	98.54	True	True
6286	6832	549	3	BB362_NZ_JAEQDL010000031.1	NODE_1457_length_549_cov_1.783401	97.62	True	True
21080	21626	549	3	BB226_NZ_JAEQDM010000007.1	NODE_1457_length_549_cov_1.783401	97.62	True	True
CONTIG	NODE_1457_length_549_cov_1.783401	549	ambiguous
113130	113678	1	549	BB226_NZ_JAEQDM010000005.1	NODE_1458_length_549_cov_1.587045	99.09	True	True
15651	16200	549	1	EC034_NZ_JAERJB010000013.1	NODE_1458_length_549_cov_1.587045	98.91	True	True
95188	95737	1	549	EC031_NZ_JAERJC010000004.1	NODE_1458_length_549_cov_1.587045	98.91	True	True
19543	20091	1	549	BB362_NZ_JAEQDL010000012.1	NODE_1458_length_549_cov_1.587045	98.72	True	True
CONTIG	NODE_1458_length_549_cov_1.587045	549	ambiguous
CONTIG	NODE_1459_length_549_cov_1.372470	549	unaligned
89226	89773	548	1	BB362_NZ_JAEQDL010000001.1	NODE_1460_length_549_cov_1.010121	96.53	True	True
11343	11891	549	1	EC034_NZ_JAERJB010000023.1	NODE_1460_length_549_cov_1.010121	95.45	True	True
9275	9823	549	1	BB226_NZ_JAEQDM010000024.1	NODE_1460_length_549_cov_1.010121	95.45	True	True
203366	203914	549	1	EC031_NZ_JAERJC010000002.1	NODE_1460_length_549_cov_1.010121	95.45	True	True
CONTIG	NODE_1460_length_549_cov_1.010121	549	ambiguous
70708	71255	1	548	BB226_NZ_JAEQDM010000001.1	NODE_1461_length_548_cov_1.638945	99.82	True	True
17	564	548	1	CIP110549_fig_1392540.14.peg.2132	NODE_1461_length_548_cov_1.638945	99.45	True	True
17	564	548	1	A39_fig_1219382.3.peg.1859	NODE_1461_length_548_cov_1.638945	99.27	True	True
CONTIG	NODE_1461_length_548_cov_1.638945	548	ambiguous
146	687	7	548	A39_fig_1219382.3.peg.938	NODE_1462_length_548_cov_1.363083	99.82	True	True
54926	55467	7	548	BB362_NZ_JAEQDL010000003.1	NODE_1462_length_548_cov_1.363083	98.89	True	True
CONTIG	NODE_1462_length_548_cov_1.363083	548	ambiguous
CONTIG	NODE_1463_length_548_cov_0.799189	548	unaligned
448	994	547	1	CIP110549_fig_1392540.14.peg.2194	NODE_1464_length_547_cov_2.235772	97.62	True	True
16993	17539	1	547	BB362_NZ_JAEQDL010000034.1	NODE_1464_length_547_cov_2.235772	97.44	True	True
141718	142264	1	547	BB226_NZ_JAEQDM010000001.1	NODE_1464_length_547_cov_2.235772	97.26	True	True
448	994	547	1	A39_fig_1219382.3.peg.1789	NODE_1464_length_547_cov_2.235772	97.07	True	True
69666	70212	1	547	EC031_NZ_JAERJC010000011.1	NODE_1464_length_547_cov_2.235772	96.89	True	True
57095	57641	1	547	EC034_NZ_JAERJB010000014.1	NODE_1464_length_547_cov_2.235772	96.89	True	True
CONTIG	NODE_1464_length_547_cov_2.235772	547	ambiguous
204	750	1	547	A39_fig_1219382.3.peg.2242	NODE_1465_length_547_cov_1.731707	98.9	True	True
204	750	1	547	CIP110549_fig_1392540.14.peg.1886	NODE_1465_length_547_cov_1.731707	98.54	True	True
106651	107197	1	547	BB226_NZ_JAEQDM010000005.1	NODE_1465_length_547_cov_1.731707	98.54	True	True
153494	154040	547	1	BB362_NZ_JAEQDL010000002.1	NODE_1465_length_547_cov_1.731707	98.35	True	True
22137	22679	543	1	EC034_NZ_JAERJB010000013.1	NODE_1465_length_547_cov_1.731707	98.71	True	True
88709	89251	1	543	EC031_NZ_JAERJC010000004.1	NODE_1465_length_547_cov_1.731707	98.71	True	True
CONTIG	NODE_1465_length_547_cov_1.731707	547	ambiguous
1053	1599	1	547	CIP110549_fig_1392540.14.peg.1234	NODE_1466_length_547_cov_1.699187	98.72	True	True
113842	114384	5	547	EC031_NZ_JAERJC010000008.1	NODE_1466_length_547_cov_1.699187	98.9	True	True
117160	117702	5	547	EC034_NZ_JAERJB010000004.1	NODE_1466_length_547_cov_1.699187	98.9	True	True
CONTIG	NODE_1466_length_547_cov_1.699187	547	ambiguous
284	830	547	1	CIP110549_fig_1392540.14.peg.850	NODE_1467_length_547_cov_1.420732	99.45		True
CONTIG	NODE_1467_length_547_cov_1.420732	547	correct
80426	80971	546	1	BB226_NZ_JAEQDM010000007.1	NODE_1468_length_546_cov_2.258656	98.17		True
CONTIG	NODE_1468_length_546_cov_2.258656	546	correct
23518	24034	546	29	EC031_NZ_JAERJC010000020.1	NODE_1469_length_546_cov_1.739308	96.91		False
120778	121294	29	546	EC034_NZ_JAERJB010000002.1	NODE_1469_length_546_cov_1.739308	96.91		True
CONTIG	NODE_1469_length_546_cov_1.739308	546	correct
313	857	1	546	BB362_NZ_JAEQDL010000037.1	NODE_1470_length_546_cov_1.558045	99.27		True
CONTIG	NODE_1470_length_546_cov_1.558045	546	correct
CONTIG	NODE_1471_length_546_cov_1.283096	546	unaligned
61	333	7	279	CIP110549_fig_1392540.14.peg.2555	NODE_1472_length_546_cov_1.252546	99.27		True
translocation
1	236	309	544	CIP110549_fig_1392540.14.peg.2556	NODE_1472_length_546_cov_1.252546	97.88		True
CONTIG	NODE_1472_length_546_cov_1.252546	546	misassembled
1130	1675	1	546	A39_fig_1219382.3.peg.654	NODE_1473_length_546_cov_0.924644	98.9	True	True
32529	33074	546	1	EC034_NZ_JAERJB010000010.1	NODE_1473_length_546_cov_0.924644	98.17	True	True
182103	182648	1	546	EC031_NZ_JAERJC010000001.1	NODE_1473_length_546_cov_0.924644	98.17	True	True
2078	2623	546	1	BB362_NZ_JAEQDL010000073.1	NODE_1473_length_546_cov_0.924644	97.99	True	True
CONTIG	NODE_1473_length_546_cov_0.924644	546	ambiguous
39986	40530	1	545	BB226_NZ_JAEQDM010000013.1	NODE_1474_length_545_cov_2.536735	98.72	True	True
164430	164974	1	545	BB362_NZ_JAEQDL010000001.1	NODE_1474_length_545_cov_2.536735	98.53	True	True
1373	1917	545	1	CIP110549_fig_1392540.14.peg.1163	NODE_1474_length_545_cov_2.536735	98.17	True	True
CONTIG	NODE_1474_length_545_cov_2.536735	545	ambiguous
251	795	545	1	CIP110549_fig_1392540.14.peg.13	NODE_1475_length_545_cov_2.130612	99.08	True	True
119409	119953	1	545	EC031_NZ_JAERJC010000006.1	NODE_1475_length_545_cov_2.130612	98.9	True	True
37236	37780	545	1	EC034_NZ_JAERJB010000007.1	NODE_1475_length_545_cov_2.130612	98.9	True	True
14660	15204	1	545	BB362_NZ_JAEQDL010000033.1	NODE_1475_length_545_cov_2.130612	98.72	True	True
251	795	545	1	A39_fig_1219382.3.peg.1729	NODE_1475_length_545_cov_2.130612	98.17	True	True
CONTIG	NODE_1475_length_545_cov_2.130612	545	ambiguous
8197	8741	545	1	BB362_NZ_JAEQDL010000004.1	NODE_1476_length_545_cov_2.063265	99.08	True	True
845	1389	1	545	CIP110549_fig_1392540.14.peg.388	NODE_1476_length_545_cov_2.063265	99.08	True	True
845	1389	1	545	A39_fig_1219382.3.peg.774	NODE_1476_length_545_cov_2.063265	98.9	True	True
8023	8567	545	1	BB226_NZ_JAEQDM010000008.1	NODE_1476_length_545_cov_2.063265	98.72	True	True
308069	308613	1	545	EC031_NZ_JAERJC010000001.1	NODE_1476_length_545_cov_2.063265	98.35	True	True
91324	91868	1	545	EC034_NZ_JAERJB010000009.1	NODE_1476_length_545_cov_2.063265	98.35	True	True
CONTIG	NODE_1476_length_545_cov_2.063265	545	ambiguous
76755	77155	401	1	BB362_NZ_JAEQDL010000003.1	NODE_1477_length_545_cov_1.932653	99.75		True
CONTIG	NODE_1477_length_545_cov_1.932653	545	correct
29281	29792	545	32	BB362_NZ_JAEQDL010000016.1	NODE_1478_length_545_cov_1.795918	98.05		True
CONTIG	NODE_1478_length_545_cov_1.795918	545	correct
13250	13791	543	2	EC031_NZ_JAERJC010000001.1	NODE_1479_length_545_cov_1.728571	99.08	True	True
112773	113314	2	543	EC034_NZ_JAERJB010000005.1	NODE_1479_length_545_cov_1.728571	99.08	True	True
5994	6535	2	543	BB362_NZ_JAEQDL010000038.1	NODE_1479_length_545_cov_1.728571	98.89	True	True
CONTIG	NODE_1479_length_545_cov_1.728571	545	ambiguous
149	691	1	543	CIP110549_fig_1392540.14.peg.425	NODE_1480_length_545_cov_1.512245	96.87	True	True
149	691	1	543	A39_fig_1219382.3.peg.811	NODE_1480_length_545_cov_1.512245	96.32	True	True
2768	3310	1	543	BB226_NZ_JAEQDM010000025.1	NODE_1480_length_545_cov_1.512245	96.13	True	True
CONTIG	NODE_1480_length_545_cov_1.512245	545	ambiguous
211	755	1	545	A39_fig_1219382.3.peg.74	NODE_1481_length_545_cov_0.979592	100.0		True
CONTIG	NODE_1481_length_545_cov_0.979592	545	correct
412	955	544	1	A39_fig_1219382.3.peg.2158	NODE_1482_length_544_cov_2.548057	98.16		True
CONTIG	NODE_1482_length_544_cov_2.548057	544	correct
83166	83706	544	4	BB226_NZ_JAEQDM010000001.1	NODE_1483_length_544_cov_2.419223	97.97	True	True
11120	11663	544	1	EC031_NZ_JAERJC010000011.1	NODE_1483_length_544_cov_2.419223	96.69	True	True
CONTIG	NODE_1483_length_544_cov_2.419223	544	ambiguous
103989	104532	1	544	BB362_NZ_JAEQDL010000003.1	NODE_1484_length_544_cov_1.629857	98.71		True
CONTIG	NODE_1484_length_544_cov_1.629857	544	correct
CONTIG	NODE_1485_length_543_cov_3.813525	543	unaligned
49422	49964	543	1	BB362_NZ_JAEQDL010000009.1	NODE_1486_length_543_cov_3.131148	97.61		True
CONTIG	NODE_1486_length_543_cov_3.131148	543	correct
623	1165	543	1	A39_fig_1219382.3.peg.2146	NODE_1487_length_543_cov_2.942623	98.71	True	True
42793	43335	543	1	BB226_NZ_JAEQDM010000003.1	NODE_1487_length_543_cov_2.942623	98.71	True	True
48453	48995	543	1	BB362_NZ_JAEQDL010000011.1	NODE_1487_length_543_cov_2.942623	98.16	True	True
191123	191665	543	1	EC031_NZ_JAERJC010000004.1	NODE_1487_length_543_cov_2.942623	97.97	True	True
20892	21434	1	543	EC034_NZ_JAERJB010000015.1	NODE_1487_length_543_cov_2.942623	97.97	True	True
CONTIG	NODE_1487_length_543_cov_2.942623	543	ambiguous
CONTIG	NODE_1488_length_543_cov_2.739754	543	unaligned
130	672	543	1	A39_fig_1219382.3.peg.1504	NODE_1489_length_543_cov_1.239754	99.45	True	True
130	672	543	1	CIP110549_fig_1392540.14.peg.581	NODE_1489_length_543_cov_1.239754	99.26	True	True
110712	111254	1	543	BB226_NZ_JAEQDM010000002.1	NODE_1489_length_543_cov_1.239754	98.9	True	True
CONTIG	NODE_1489_length_543_cov_1.239754	543	ambiguous
CONTIG	NODE_1490_length_543_cov_0.969262	543	unaligned
12745	13286	1	542	BB362_NZ_JAEQDL010000019.1	NODE_1491_length_542_cov_2.238193	97.79	True	True
13058	13599	1	542	BB226_NZ_JAEQDM010000012.1	NODE_1491_length_542_cov_2.238193	97.79	True	True
CONTIG	NODE_1491_length_542_cov_2.238193	542	ambiguous
75325	75866	542	1	BB226_NZ_JAEQDM010000007.1	NODE_1492_length_542_cov_1.373717	97.79		True
CONTIG	NODE_1492_length_542_cov_1.373717	542	correct
CONTIG	NODE_1493_length_542_cov_1.174538	542	unaligned
309	848	1	540	A39_fig_1219382.3.peg.2130	NODE_1494_length_541_cov_2.444444	94.65		True
CONTIG	NODE_1494_length_541_cov_2.444444	541	correct
13551	14088	538	1	BB362_NZ_JAEQDL010000013.1	NODE_1495_length_541_cov_2.084362	98.88	True	True
68105	68642	1	538	BB226_NZ_JAEQDM010000012.1	NODE_1495_length_541_cov_2.084362	98.33	True	True
CONTIG	NODE_1495_length_541_cov_2.084362	541	ambiguous
131922	132462	541	1	BB226_NZ_JAEQDM010000002.1	NODE_1496_length_541_cov_1.829218	98.52	True	True
133312	133852	541	1	EC034_NZ_JAERJB010000001.1	NODE_1496_length_541_cov_1.829218	98.34	True	True
58518	59058	1	541	EC031_NZ_JAERJC010000003.1	NODE_1496_length_541_cov_1.829218	98.34	True	True
CONTIG	NODE_1496_length_541_cov_1.829218	541	ambiguous
CONTIG	NODE_1497_length_541_cov_1.292181	541	unaligned
59847	60387	1	541	BB226_NZ_JAEQDM010000013.1	NODE_1498_length_541_cov_1.263374	97.23	True	True
184308	184848	1	541	BB362_NZ_JAEQDL010000001.1	NODE_1498_length_541_cov_1.263374	96.3	True	True
CONTIG	NODE_1498_length_541_cov_1.263374	541	ambiguous
CONTIG	NODE_1499_length_541_cov_1.263374	541	unaligned
CONTIG	NODE_1500_length_541_cov_1.133745	541	unaligned
31774	32314	1	541	BB362_NZ_JAEQDL010000023.1	NODE_1501_length_541_cov_1.041152	99.45		True
CONTIG	NODE_1501_length_541_cov_1.041152	541	correct
CONTIG	NODE_1502_length_540_cov_0.989691	540	unaligned
24997	25535	1	539	BB362_NZ_JAEQDL010000029.1	NODE_1503_length_539_cov_2.652893	99.44		True
CONTIG	NODE_1503_length_539_cov_2.652893	539	correct
74605	75141	539	3	BB226_NZ_JAEQDM010000012.1	NODE_1504_length_539_cov_1.861570	98.32		True
CONTIG	NODE_1504_length_539_cov_1.861570	539	correct
CONTIG	NODE_1505_length_539_cov_1.508264	539	unaligned
29814	30352	539	1	BB226_NZ_JAEQDM010000011.1	NODE_1506_length_539_cov_1.280992	98.7	True	True
1104	1642	1	539	CIP110549_fig_1392540.14.peg.1011	NODE_1506_length_539_cov_1.280992	98.52	True	True
32642	33180	539	1	BB362_NZ_JAEQDL010000001.1	NODE_1506_length_539_cov_1.280992	98.52	True	True
1104	1642	1	539	A39_fig_1219382.3.peg.382	NODE_1506_length_539_cov_1.280992	98.52	True	True
6511	7049	1	539	EC034_NZ_JAERJB010000019.1	NODE_1506_length_539_cov_1.280992	97.77	True	True
132169	132707	539	1	EC031_NZ_JAERJC010000002.1	NODE_1506_length_539_cov_1.280992	97.77	True	True
CONTIG	NODE_1506_length_539_cov_1.280992	539	ambiguous
78777	79314	1	538	BB226_NZ_JAEQDM010000008.1	NODE_1507_length_538_cov_2.236025	99.07		True
CONTIG	NODE_1507_length_538_cov_2.236025	538	correct
8719	9251	1	533	BB226_NZ_JAEQDM010000035.1	NODE_1508_length_538_cov_2.159420	97.56	True	True
649	1181	533	1	BB362_NZ_JAEQDL010000058.1	NODE_1508_length_538_cov_2.159420	97.37	True	True
78999	79531	533	1	EC031_NZ_JAERJC010000011.1	NODE_1508_length_538_cov_2.159420	96.81	True	True
66428	66960	533	1	EC034_NZ_JAERJB010000014.1	NODE_1508_length_538_cov_2.159420	96.81	True	True
CONTIG	NODE_1508_length_538_cov_2.159420	538	ambiguous
78449	78986	1	538	BB226_NZ_JAEQDM010000013.1	NODE_1509_length_538_cov_1.677019	99.63		True
CONTIG	NODE_1509_length_538_cov_1.677019	538	correct
23066	23602	1	537	EC031_NZ_JAERJC010000001.1	NODE_1510_length_537_cov_1.817427	98.7	True	True
102962	103498	537	1	EC034_NZ_JAERJB010000005.1	NODE_1510_length_537_cov_1.817427	98.7	True	True
85651	86187	537	1	BB226_NZ_JAEQDM010000006.1	NODE_1510_length_537_cov_1.817427	98.32	True	True
CONTIG	NODE_1510_length_537_cov_1.817427	537	ambiguous
5061	5597	1	537	BB226_NZ_JAEQDM010000051.1	NODE_1511_length_537_cov_0.910788	97.02	True	True
5061	5597	1	537	EC034_NZ_JAERJB010000025.1	NODE_1511_length_537_cov_0.910788	96.65	True	True
5171	5707	1	537	BB362_NZ_JAEQDL010000024.1	NODE_1511_length_537_cov_0.910788	96.65	True	True
11874	12410	537	1	EC031_NZ_JAERJC010000023.1	NODE_1511_length_537_cov_0.910788	96.65	True	True
CONTIG	NODE_1511_length_537_cov_0.910788	537	ambiguous
29815	30350	536	1	BB226_NZ_JAEQDM010000019.1	NODE_1512_length_536_cov_1.505198	99.44	True	True
19294	19829	536	1	BB362_NZ_JAEQDL010000030.1	NODE_1512_length_536_cov_1.505198	98.88	True	True
CONTIG	NODE_1512_length_536_cov_1.505198	536	ambiguous
27566	28101	536	1	BB226_NZ_JAEQDM010000017.1	NODE_1513_length_536_cov_1.058212	98.32	True	True
17697	18232	536	1	EC031_NZ_JAERJC010000013.1	NODE_1513_length_536_cov_1.058212	98.32	True	True
17697	18232	536	1	EC034_NZ_JAERJB010000016.1	NODE_1513_length_536_cov_1.058212	98.32	True	True
775	1310	536	1	CIP110549_fig_1392540.14.peg.2385	NODE_1513_length_536_cov_1.058212	98.13	True	True
775	1310	536	1	A39_fig_1219382.3.peg.2455	NODE_1513_length_536_cov_1.058212	97.76	True	True
CONTIG	NODE_1513_length_536_cov_1.058212	536	ambiguous
CONTIG	NODE_1514_length_536_cov_1.006237	536	unaligned
CONTIG	NODE_1515_length_536_cov_0.798337	536	unaligned
15476	16003	535	7	EC034_NZ_JAERJB010000009.1	NODE_1516_length_535_cov_2.079167	98.68	True	True
232221	232748	535	7	EC031_NZ_JAERJC010000001.1	NODE_1516_length_535_cov_2.079167	98.68	True	True
83890	84418	7	535	BB226_NZ_JAEQDM010000008.1	NODE_1516_length_535_cov_2.079167	98.3	True	True
CONTIG	NODE_1516_length_535_cov_2.079167	535	ambiguous
37062	37596	1	535	EC031_NZ_JAERJC010000007.1	NODE_1517_length_535_cov_1.993750	98.13	True	True
37070	37604	1	535	EC034_NZ_JAERJB010000003.1	NODE_1517_length_535_cov_1.993750	98.13	True	True
20631	21165	535	1	BB226_NZ_JAEQDM010000019.1	NODE_1517_length_535_cov_1.993750	97.94	True	True
CONTIG	NODE_1517_length_535_cov_1.993750	535	ambiguous
CONTIG	NODE_1518_length_535_cov_0.937500	535	unaligned
626	1160	534	1	A39_fig_1219382.3.peg.865	NODE_1519_length_534_cov_3.582463	96.64	True	True
111184	111718	534	1	BB362_NZ_JAEQDL010000003.1	NODE_1519_length_534_cov_3.582463	96.64	True	True
29759	30293	1	534	EC031_NZ_JAERJC010000020.1	NODE_1519_length_534_cov_3.582463	96.45	True	True
114519	115053	534	1	EC034_NZ_JAERJB010000002.1	NODE_1519_length_534_cov_3.582463	96.45	True	True
626	1160	534	1	CIP110549_fig_1392540.14.peg.1655	NODE_1519_length_534_cov_3.582463	96.07	True	True
CONTIG	NODE_1519_length_534_cov_3.582463	534	ambiguous
47060	47593	534	1	BB226_NZ_JAEQDM010000001.1	NODE_1520_length_534_cov_2.584551	99.63	True	True
85792	86325	534	1	EC031_NZ_JAERJC010000010.1	NODE_1520_length_534_cov_2.584551	99.25	True	True
25130	25663	1	534	EC034_NZ_JAERJB010000006.1	NODE_1520_length_534_cov_2.584551	99.25	True	True
CONTIG	NODE_1520_length_534_cov_2.584551	534	ambiguous
105	638	534	1	CIP110549_fig_1392540.14.peg.601	NODE_1521_length_534_cov_2.515658	99.81	True	True
105	638	534	1	A39_fig_1219382.3.peg.1483	NODE_1521_length_534_cov_2.515658	99.63	True	True
18935	19468	1	534	BB362_NZ_JAEQDL010000027.1	NODE_1521_length_534_cov_2.515658	99.44	True	True
CONTIG	NODE_1521_length_534_cov_2.515658	534	ambiguous
522	1054	2	534	CIP110549_fig_1392540.14.peg.2446	NODE_1522_length_534_cov_1.987474	99.62	True	True
522	1054	2	534	A39_fig_1219382.3.peg.2506	NODE_1522_length_534_cov_1.987474	99.25	True	True
CONTIG	NODE_1522_length_534_cov_1.987474	534	ambiguous
CONTIG	NODE_1523_length_534_cov_1.235908	534	unaligned
58341	58869	1	528	BB226_NZ_JAEQDM010000013.1	NODE_1524_length_534_cov_1.206681	99.24		True
CONTIG	NODE_1524_length_534_cov_1.206681	534	correct
14771	15304	534	1	EC034_NZ_JAERJB010000017.1	NODE_1525_length_534_cov_1.016701	97.19	True	True
40247	40780	1	534	EC031_NZ_JAERJC010000015.1	NODE_1525_length_534_cov_1.016701	97.19	True	True
23699	24233	1	534	BB362_NZ_JAEQDL010000021.1	NODE_1525_length_534_cov_1.016701	97.01	True	True
18224	18757	1	534	BB226_NZ_JAEQDM010000028.1	NODE_1525_length_534_cov_1.016701	96.63	True	True
CONTIG	NODE_1525_length_534_cov_1.016701	534	ambiguous
CONTIG	NODE_1526_length_534_cov_0.881002	534	unaligned
CONTIG	NODE_1527_length_533_cov_2.246862	533	unaligned
51506	52005	533	34	BB226_NZ_JAEQDM010000013.1	NODE_1528_length_533_cov_1.836820	98.2		False
175949	176448	533	34	BB362_NZ_JAEQDL010000001.1	NODE_1528_length_533_cov_1.836820	99.0		True
CONTIG	NODE_1528_length_533_cov_1.836820	533	correct
68	600	1	533	CIP110549_fig_1392540.14.peg.169	NODE_1529_length_533_cov_1.504184	98.87	True	True
145	675	3	533	A39_fig_1219382.3.peg.1303	NODE_1529_length_533_cov_1.504184	98.68	True	True
29936	30466	533	3	BB226_NZ_JAEQDM010000020.1	NODE_1529_length_533_cov_1.504184	98.49	True	True
23189	23719	3	533	EC034_NZ_JAERJB010000022.1	NODE_1529_length_533_cov_1.504184	98.31	True	True
23486	24016	3	533	EC031_NZ_JAERJC010000006.1	NODE_1529_length_533_cov_1.504184	98.31	True	True
CONTIG	NODE_1529_length_533_cov_1.504184	533	ambiguous
8570	9102	533	1	BB362_NZ_JAEQDL010000025.1	NODE_1530_length_533_cov_1.271967	99.25	True	True
24445	24977	1	533	EC031_NZ_JAERJC010000004.1	NODE_1530_length_533_cov_1.271967	98.5	True	True
24445	24977	1	533	EC034_NZ_JAERJB010000028.1	NODE_1530_length_533_cov_1.271967	98.5	True	True
CONTIG	NODE_1530_length_533_cov_1.271967	533	ambiguous
60581	61113	1	533	BB226_NZ_JAEQDM010000003.1	NODE_1531_length_533_cov_1.127615	99.06	True	True
3109	3641	533	1	EC034_NZ_JAERJB010000015.1	NODE_1531_length_533_cov_1.127615	98.69	True	True
208916	209448	1	533	EC031_NZ_JAERJC010000004.1	NODE_1531_length_533_cov_1.127615	98.69	True	True
1735	2267	533	1	A39_fig_1219382.3.peg.2133	NODE_1531_length_533_cov_1.127615	98.5	True	True
CONTIG	NODE_1531_length_533_cov_1.127615	533	ambiguous
9307	9820	20	533	BB226_NZ_JAEQDM010000029.1	NODE_1532_length_533_cov_1.108787	97.47		True
CONTIG	NODE_1532_length_533_cov_1.108787	533	correct
157693	158224	532	1	EC031_NZ_JAERJC010000005.1	NODE_1533_length_532_cov_2.207547	98.5	True	True
45312	45843	532	1	EC034_NZ_JAERJB010000021.1	NODE_1533_length_532_cov_2.207547	98.5	True	True
12466	12997	532	1	BB362_NZ_JAEQDL010000041.1	NODE_1533_length_532_cov_2.207547	97.93	True	True
67670	68201	532	1	BB226_NZ_JAEQDM010000015.1	NODE_1533_length_532_cov_2.207547	97.56	True	True
CONTIG	NODE_1533_length_532_cov_2.207547	532	ambiguous
677	1208	532	1	A39_fig_1219382.3.peg.218	NODE_1534_length_532_cov_1.805031	99.06	True	True
677	1208	532	1	CIP110549_fig_1392540.14.peg.1130	NODE_1534_length_532_cov_1.805031	98.87	True	True
6649	7180	1	532	BB226_NZ_JAEQDM010000013.1	NODE_1534_length_532_cov_1.805031	98.31	True	True
CONTIG	NODE_1534_length_532_cov_1.805031	532	ambiguous
16313	16844	1	532	BB226_NZ_JAEQDM010000032.1	NODE_1535_length_532_cov_1.545073	97.74		True
CONTIG	NODE_1535_length_532_cov_1.545073	532	correct
49480	49999	519	1	EC034_NZ_JAERJB010000008.1	NODE_1536_length_532_cov_1.404612	95.19		False
58676	59195	519	1	EC031_NZ_JAERJC010000005.1	NODE_1536_length_532_cov_1.404612	95.19		False
58744	59268	532	9	BB226_NZ_JAEQDM010000004.1	NODE_1536_length_532_cov_1.404612	94.86		False
79097	79606	532	24	BB362_NZ_JAEQDL010000002.1	NODE_1536_length_532_cov_1.404612	97.84		True
CONTIG	NODE_1536_length_532_cov_1.404612	532	correct
1512	1756	256	12	BB362_NZ_JAEQDL010000010.1	NODE_1537_length_531_cov_2.050420	97.55		False
1188	1462	531	257	BB362_NZ_JAEQDL010000010.1	NODE_1537_length_531_cov_2.050420	96.0		False
50826	51070	256	12	BB226_NZ_JAEQDM010000007.1	NODE_1537_length_531_cov_2.050420	98.37		True
indel: indel (> 5bp)
50502	50776	531	257	BB226_NZ_JAEQDM010000007.1	NODE_1537_length_531_cov_2.050420	96.0		True
CONTIG	NODE_1537_length_531_cov_2.050420	531	correct
387	917	531	1	A39_fig_1219382.3.peg.2145	NODE_1538_length_531_cov_1.352941	98.87		True
CONTIG	NODE_1538_length_531_cov_1.352941	531	correct
53355	53886	1	530	BB226_NZ_JAEQDM010000017.1	NODE_1539_length_530_cov_2.216842	97.56	True	True
44959	45490	1	530	EC034_NZ_JAERJB010000016.1	NODE_1539_length_530_cov_2.216842	97.37	True	True
44959	45490	1	530	EC031_NZ_JAERJC010000013.1	NODE_1539_length_530_cov_2.216842	97.37	True	True
283	804	530	11	A39_fig_1219382.3.peg.2478	NODE_1539_length_530_cov_2.216842	99.23	True	True
CONTIG	NODE_1539_length_530_cov_2.216842	530	ambiguous
CONTIG	NODE_1540_length_530_cov_1.928421	530	unaligned
24711	25240	530	1	BB226_NZ_JAEQDM010000028.1	NODE_1541_length_530_cov_1.705263	97.36	True	True
7315	7844	1	530	EC034_NZ_JAERJB010000017.1	NODE_1541_length_530_cov_1.705263	97.17	True	True
47707	48236	530	1	EC031_NZ_JAERJC010000015.1	NODE_1541_length_530_cov_1.705263	97.17	True	True
28273	28802	530	1	BB362_NZ_JAEQDL010000021.1	NODE_1541_length_530_cov_1.705263	96.98	True	True
CONTIG	NODE_1541_length_530_cov_1.705263	530	ambiguous
1404	1933	530	1	A39_fig_1219382.3.peg.495	NODE_1542_length_530_cov_1.408421	98.68	True	True
92672	93201	1	530	BB226_NZ_JAEQDM010000006.1	NODE_1542_length_530_cov_1.408421	97.92	True	True
109994	110523	1	530	EC034_NZ_JAERJB010000005.1	NODE_1542_length_530_cov_1.408421	97.74	True	True
16041	16570	530	1	EC031_NZ_JAERJC010000001.1	NODE_1542_length_530_cov_1.408421	97.74	True	True
CONTIG	NODE_1542_length_530_cov_1.408421	530	ambiguous
CONTIG	NODE_1543_length_530_cov_1.345263	530	unaligned
94648	95171	530	7	BB226_NZ_JAEQDM010000003.1	NODE_1544_length_530_cov_1.214737	98.28		True
CONTIG	NODE_1544_length_530_cov_1.214737	530	correct
83810	84338	1	529	BB226_NZ_JAEQDM010000002.1	NODE_1545_length_529_cov_2.949367	99.05	True	True
26239	26767	529	1	BB362_NZ_JAEQDL010000008.1	NODE_1545_length_529_cov_2.949367	98.68	True	True
106629	107157	529	1	EC031_NZ_JAERJC010000003.1	NODE_1545_length_529_cov_2.949367	98.49	True	True
85213	85741	1	529	EC034_NZ_JAERJB010000001.1	NODE_1545_length_529_cov_2.949367	98.49	True	True
CONTIG	NODE_1545_length_529_cov_2.949367	529	ambiguous
285	800	527	12	CIP110549_fig_1392540.14.peg.81	NODE_1546_length_529_cov_2.453586	92.44		True
CONTIG	NODE_1546_length_529_cov_2.453586	529	correct
28023	28551	529	1	BB362_NZ_JAEQDL010000005.1	NODE_1547_length_529_cov_2.198312	98.49	True	True
52896	53424	1	529	BB226_NZ_JAEQDM010000014.1	NODE_1547_length_529_cov_2.198312	98.49	True	True
81376	81904	529	1	EC031_NZ_JAERJC010000007.1	NODE_1547_length_529_cov_2.198312	97.73	True	True
81384	81912	529	1	EC034_NZ_JAERJB010000003.1	NODE_1547_length_529_cov_2.198312	97.73	True	True
CONTIG	NODE_1547_length_529_cov_2.198312	529	ambiguous
5809	6337	529	1	BB362_NZ_JAEQDL010000015.1	NODE_1548_length_529_cov_2.008439	99.24	True	True
26949	27477	529	1	EC031_NZ_JAERJC010000001.1	NODE_1548_length_529_cov_2.008439	99.24	True	True
99087	99615	1	529	EC034_NZ_JAERJB010000005.1	NODE_1548_length_529_cov_2.008439	99.24	True	True
81775	82303	1	529	BB226_NZ_JAEQDM010000006.1	NODE_1548_length_529_cov_2.008439	98.87	True	True
CONTIG	NODE_1548_length_529_cov_2.008439	529	ambiguous
44117	44645	529	1	BB226_NZ_JAEQDM010000018.1	NODE_1549_length_529_cov_1.445148	99.05		True
CONTIG	NODE_1549_length_529_cov_1.445148	529	correct
118947	119474	528	1	BB226_NZ_JAEQDM010000003.1	NODE_1550_length_529_cov_1.181435	96.02	True	True
25875	26402	528	1	BB362_NZ_JAEQDL010000017.1	NODE_1550_length_529_cov_1.181435	95.83	True	True
CONTIG	NODE_1550_length_529_cov_1.181435	529	ambiguous
CONTIG	NODE_1551_length_529_cov_0.970464	529	unaligned
CONTIG	NODE_1552_length_528_cov_2.029598	528	unaligned
74200	74726	1	528	BB362_NZ_JAEQDL010000002.1	NODE_1553_length_528_cov_1.672304	98.48	True	True
2600	3126	528	1	CIP110549_fig_1392540.14.peg.1416	NODE_1553_length_528_cov_1.672304	98.11	True	True
2600	3126	528	1	A39_fig_1219382.3.peg.1090	NODE_1553_length_528_cov_1.672304	97.92	True	True
CONTIG	NODE_1553_length_528_cov_1.672304	528	ambiguous
1	294	294	1	A39_fig_1219382.3.peg.667	NODE_1554_length_528_cov_1.336152	97.96		False
1	135	393	527	A39_fig_1219382.3.peg.668	NODE_1554_length_528_cov_1.336152	99.26		False
1	294	294	1	CIP110549_fig_1392540.14.peg.280	NODE_1554_length_528_cov_1.336152	98.3		True
translocation
1	136	393	528	CIP110549_fig_1392540.14.peg.281	NODE_1554_length_528_cov_1.336152	100.0		True
CONTIG	NODE_1554_length_528_cov_1.336152	528	misassembled
CONTIG	NODE_1555_length_527_cov_1.449153	527	unaligned
7844	8370	1	527	BB226_NZ_JAEQDM010000007.1	NODE_1556_length_527_cov_1.379237	98.48		True
CONTIG	NODE_1556_length_527_cov_1.379237	527	correct
81897	82423	1	527	BB226_NZ_JAEQDM010000001.1	NODE_1557_length_527_cov_1.211864	98.29		True
CONTIG	NODE_1557_length_527_cov_1.211864	527	correct
CONTIG	NODE_1558_length_527_cov_1.010593	527	unaligned
403	879	1	477	A39_fig_1219382.3.peg.1984	NODE_1559_length_526_cov_2.118896	98.95		False
11138	11614	1	477	BB226_NZ_JAEQDM010000018.1	NODE_1559_length_526_cov_2.118896	98.53		False
403	879	1	477	CIP110549_fig_1392540.14.peg.2018	NODE_1559_length_526_cov_2.118896	99.37		True
CONTIG	NODE_1559_length_526_cov_2.118896	526	correct
CONTIG	NODE_1560_length_526_cov_1.736730	526	unaligned
211	736	526	1	A39_fig_1219382.3.peg.396	NODE_1561_length_526_cov_1.579618	99.24	True	True
211	736	526	1	CIP110549_fig_1392540.14.peg.997	NODE_1561_length_526_cov_1.579618	99.05	True	True
CONTIG	NODE_1561_length_526_cov_1.579618	526	ambiguous
48803	49314	2	513	EC034_NZ_JAERJB010000002.1	NODE_1562_length_526_cov_1.535032	98.63		False
63179	63690	513	2	EC031_NZ_JAERJC010000009.1	NODE_1562_length_526_cov_1.535032	98.63		False
45085	45599	1	515	BB362_NZ_JAEQDL010000003.1	NODE_1562_length_526_cov_1.535032	98.64		True
CONTIG	NODE_1562_length_526_cov_1.535032	526	correct
26293	26818	1	526	BB362_NZ_JAEQDL010000004.1	NODE_1563_length_526_cov_1.424628	98.86		True
CONTIG	NODE_1563_length_526_cov_1.424628	526	correct
9814	10336	2	526	BB362_NZ_JAEQDL010000046.1	NODE_1564_length_526_cov_1.420382	91.87		True
CONTIG	NODE_1564_length_526_cov_1.420382	526	correct
91073	91598	526	1	EC034_NZ_JAERJB010000006.1	NODE_1565_length_526_cov_1.418259	97.91	True	True
19857	20382	1	526	EC031_NZ_JAERJC010000010.1	NODE_1565_length_526_cov_1.418259	97.91	True	True
41693	42218	1	526	BB226_NZ_JAEQDM010000018.1	NODE_1565_length_526_cov_1.418259	97.34	True	True
CONTIG	NODE_1565_length_526_cov_1.418259	526	ambiguous
1	389	389	1	CIP110549_fig_1392540.14.peg.2331	NODE_1566_length_526_cov_1.388535	99.23		True
translocation
574	684	526	416	CIP110549_fig_1392540.14.peg.2332	NODE_1566_length_526_cov_1.388535	100.0		True
CONTIG	NODE_1566_length_526_cov_1.388535	526	misassembled
71587	72112	526	1	BB362_NZ_JAEQDL010000001.1	NODE_1567_length_526_cov_1.220807	100.0	True	True
21472	21997	526	1	EC034_NZ_JAERJB010000020.1	NODE_1567_length_526_cov_1.220807	99.05	True	True
161600	162125	526	1	EC031_NZ_JAERJC010000002.1	NODE_1567_length_526_cov_1.220807	99.05	True	True
CONTIG	NODE_1567_length_526_cov_1.220807	526	ambiguous
308	833	526	1	A39_fig_1219382.3.peg.1198	NODE_1568_length_526_cov_0.898089	97.91	True	True
308	830	526	4	CIP110549_fig_1392540.14.peg.1306	NODE_1568_length_526_cov_0.898089	98.47	True	True
CONTIG	NODE_1568_length_526_cov_0.898089	526	ambiguous
40206	40730	525	1	BB226_NZ_JAEQDM010000012.1	NODE_1569_length_525_cov_3.046809	98.86	True	True
41427	41951	1	525	BB362_NZ_JAEQDL010000013.1	NODE_1569_length_525_cov_3.046809	98.86	True	True
40427	40952	525	1	EC034_NZ_JAERJB010000012.1	NODE_1569_length_525_cov_3.046809	97.91	True	True
40247	40772	525	1	EC031_NZ_JAERJC010000002.1	NODE_1569_length_525_cov_3.046809	97.91	True	True
CONTIG	NODE_1569_length_525_cov_3.046809	525	ambiguous
77022	77544	3	525	EC034_NZ_JAERJB010000011.1	NODE_1570_length_525_cov_2.063830	97.9	True	True
6837	7359	525	3	EC031_NZ_JAERJC010000012.1	NODE_1570_length_525_cov_2.063830	97.9	True	True
7075	7597	525	3	BB226_NZ_JAEQDM010000026.1	NODE_1570_length_525_cov_2.063830	97.32	True	True
65	587	525	3	CIP110549_fig_1392540.14.peg.198	NODE_1570_length_525_cov_2.063830	97.32	True	True
65	587	525	3	A39_fig_1219382.3.peg.1331	NODE_1570_length_525_cov_2.063830	97.13	True	True
CONTIG	NODE_1570_length_525_cov_2.063830	525	ambiguous
590	1114	525	1	A39_fig_1219382.3.peg.175	NODE_1571_length_525_cov_1.763830	99.05	True	True
590	1114	525	1	CIP110549_fig_1392540.14.peg.1172	NODE_1571_length_525_cov_1.763830	99.05	True	True
52941	53465	525	1	BB226_NZ_JAEQDM010000013.1	NODE_1571_length_525_cov_1.763830	98.1	True	True
CONTIG	NODE_1571_length_525_cov_1.763830	525	ambiguous
6004	6528	1	525	BB226_NZ_JAEQDM010000021.1	NODE_1572_length_525_cov_1.414894	99.05		True
CONTIG	NODE_1572_length_525_cov_1.414894	525	correct
10438	10927	522	33	EC031_NZ_JAERJC010000028.1	NODE_1573_length_525_cov_1.123404	92.46		False
10417	10906	522	33	EC034_NZ_JAERJB010000031.1	NODE_1573_length_525_cov_1.123404	92.46		False
124	613	522	33	CIP110549_fig_1392540.14.peg.2465	NODE_1573_length_525_cov_1.123404	93.08		True
CONTIG	NODE_1573_length_525_cov_1.123404	525	correct
CONTIG	NODE_1574_length_524_cov_1.520256	524	unaligned
51278	51752	53	524	EC034_NZ_JAERJB010000015.1	NODE_1575_length_524_cov_1.515991	95.37		False
160805	161279	524	53	EC031_NZ_JAERJC010000004.1	NODE_1575_length_524_cov_1.515991	95.37		True
CONTIG	NODE_1575_length_524_cov_1.515991	524	correct
101484	102007	1	524	BB226_NZ_JAEQDM010000003.1	NODE_1576_length_524_cov_1.321962	99.81	True	True
32908	33431	524	1	EC031_NZ_JAERJC010000014.1	NODE_1576_length_524_cov_1.321962	99.62	True	True
8410	8933	1	524	BB362_NZ_JAEQDL010000017.1	NODE_1576_length_524_cov_1.321962	99.62	True	True
32908	33431	524	1	EC034_NZ_JAERJB010000018.1	NODE_1576_length_524_cov_1.321962	99.62	True	True
CONTIG	NODE_1576_length_524_cov_1.321962	524	ambiguous
72192	72716	524	1	BB362_NZ_JAEQDL010000006.1	NODE_1577_length_524_cov_1.215352	98.86	True	True
30109	30633	1	524	BB226_NZ_JAEQDM010000018.1	NODE_1577_length_524_cov_1.215352	98.67	True	True
CONTIG	NODE_1577_length_524_cov_1.215352	524	ambiguous
62887	63410	524	1	SCC477_NZ_VTDQ01000012.1	NODE_1578_length_524_cov_0.948827	97.14	True	True
86327	86850	524	1	BB226_NZ_JAEQDM010000007.1	NODE_1578_length_524_cov_0.948827	96.37	True	True
CONTIG	NODE_1578_length_524_cov_0.948827	524	ambiguous
7158	7680	523	1	BB362_NZ_JAEQDL010000020.1	NODE_1579_length_523_cov_2.929487	96.37	True	True
139	661	1	523	A39_fig_1219382.3.peg.809	NODE_1579_length_523_cov_2.929487	95.6	True	True
CONTIG	NODE_1579_length_523_cov_2.929487	523	ambiguous
115363	115885	523	1	BB362_NZ_JAEQDL010000002.1	NODE_1580_length_523_cov_1.903846	99.04	True	True
85721	86243	523	1	EC034_NZ_JAERJB010000008.1	NODE_1580_length_523_cov_1.903846	98.47	True	True
94917	95439	523	1	EC031_NZ_JAERJC010000005.1	NODE_1580_length_523_cov_1.903846	98.47	True	True
CONTIG	NODE_1580_length_523_cov_1.903846	523	ambiguous
8914	9436	523	1	EC034_NZ_JAERJB010000034.1	NODE_1581_length_523_cov_1.735043	99.24	True	True
8914	9436	523	1	EC031_NZ_JAERJC010000021.1	NODE_1581_length_523_cov_1.735043	99.24	True	True
12766	13288	1	523	BB226_NZ_JAEQDM010000018.1	NODE_1581_length_523_cov_1.735043	98.47	True	True
12778	13300	1	523	BB362_NZ_JAEQDL010000037.1	NODE_1581_length_523_cov_1.735043	98.28	True	True
CONTIG	NODE_1581_length_523_cov_1.735043	523	ambiguous
CONTIG	NODE_1582_length_523_cov_1.623932	523	unaligned
39	561	523	1	A39_fig_1219382.3.peg.1130	NODE_1583_length_523_cov_0.871795	98.09	True	True
39	561	523	1	CIP110549_fig_1392540.14.peg.1375	NODE_1583_length_523_cov_0.871795	97.71	True	True
2555	3077	523	1	BB226_NZ_JAEQDM010000004.1	NODE_1583_length_523_cov_0.871795	97.32	True	True
CONTIG	NODE_1583_length_523_cov_0.871795	523	ambiguous
315	836	522	1	CIP110549_fig_1392540.14.peg.1308	NODE_1584_length_522_cov_2.824411	98.85	True	True
315	836	522	1	A39_fig_1219382.3.peg.1196	NODE_1584_length_522_cov_2.824411	98.47	True	True
CONTIG	NODE_1584_length_522_cov_2.824411	522	ambiguous
16504	17025	1	522	BB226_NZ_JAEQDM010000022.1	NODE_1585_length_522_cov_2.488223	97.89		True
CONTIG	NODE_1585_length_522_cov_2.488223	522	correct
69639	70160	522	1	EC031_NZ_JAERJC010000012.1	NODE_1586_length_522_cov_1.620985	99.62	True	True
14221	14742	1	522	EC034_NZ_JAERJB010000011.1	NODE_1586_length_522_cov_1.620985	99.62	True	True
66496	67017	1	522	BB226_NZ_JAEQDM010000007.1	NODE_1586_length_522_cov_1.620985	99.43	True	True
288	809	522	1	A39_fig_1219382.3.peg.1356	NODE_1586_length_522_cov_1.620985	99.43	True	True
162	683	522	1	CIP110549_fig_1392540.14.peg.668	NODE_1586_length_522_cov_1.620985	99.23	True	True
CONTIG	NODE_1586_length_522_cov_1.620985	522	ambiguous
613	1132	520	1	A39_fig_1219382.3.peg.1094	NODE_1587_length_522_cov_1.586724	100.0	True	True
613	1132	520	1	CIP110549_fig_1392540.14.peg.1411	NODE_1587_length_522_cov_1.586724	99.42	True	True
46840	47359	1	520	BB226_NZ_JAEQDM010000004.1	NODE_1587_length_522_cov_1.586724	99.04	True	True
CONTIG	NODE_1587_length_522_cov_1.586724	522	ambiguous
CONTIG	NODE_1588_length_522_cov_1.524625	522	unaligned
6282	6803	522	1	EC031_NZ_JAERJC010000016.1	NODE_1589_length_522_cov_1.220557	98.66	True	True
6282	6803	522	1	EC034_NZ_JAERJB010000032.1	NODE_1589_length_522_cov_1.220557	98.66	True	True
CONTIG	NODE_1589_length_522_cov_1.220557	522	ambiguous
CONTIG	NODE_1590_length_521_cov_1.879828	521	unaligned
CONTIG	NODE_1591_length_521_cov_1.431330	521	unaligned
87581	88101	1	521	BB226_NZ_JAEQDM010000006.1	NODE_1592_length_521_cov_1.420601	98.08	True	True
1	522	521	1	BB362_NZ_JAEQDL010000015.1	NODE_1592_length_521_cov_1.420601	97.32	True	True
104903	105421	1	519	EC034_NZ_JAERJB010000005.1	NODE_1592_length_521_cov_1.420601	97.69	True	True
21143	21661	519	1	EC031_NZ_JAERJC010000001.1	NODE_1592_length_521_cov_1.420601	97.69	True	True
CONTIG	NODE_1592_length_521_cov_1.420601	521	ambiguous
CONTIG	NODE_1593_length_521_cov_1.231760	521	unaligned
5752	6271	1	520	BB226_NZ_JAEQDM010000015.1	NODE_1594_length_520_cov_2.421505	99.42		True
CONTIG	NODE_1594_length_520_cov_2.421505	520	correct
22272	22793	1	520	EC031_NZ_JAERJC010000007.1	NODE_1595_length_520_cov_1.569892	98.66	True	True
22280	22801	1	520	EC034_NZ_JAERJB010000003.1	NODE_1595_length_520_cov_1.569892	98.66	True	True
35441	35955	520	1	BB226_NZ_JAEQDM010000019.1	NODE_1595_length_520_cov_1.569892	98.46	True	True
CONTIG	NODE_1595_length_520_cov_1.569892	520	ambiguous
CONTIG	NODE_1596_length_520_cov_1.120430	520	unaligned
60	578	519	1	CIP110549_fig_1392540.14.peg.1397	NODE_1597_length_519_cov_2.170259	99.23	True	True
50305	50823	519	1	BB362_NZ_JAEQDL010000002.1	NODE_1597_length_519_cov_2.170259	98.84	True	True
60	578	519	1	A39_fig_1219382.3.peg.1108	NODE_1597_length_519_cov_2.170259	98.46	True	True
29148	29666	519	1	BB226_NZ_JAEQDM010000004.1	NODE_1597_length_519_cov_2.170259	98.27	True	True
CONTIG	NODE_1597_length_519_cov_2.170259	519	ambiguous
63434	63952	519	1	BB226_NZ_JAEQDM010000006.1	NODE_1598_length_519_cov_2.043103	99.23	True	True
80744	81262	519	1	EC034_NZ_JAERJB010000005.1	NODE_1598_length_519_cov_2.043103	98.65	True	True
45302	45820	1	519	EC031_NZ_JAERJC010000001.1	NODE_1598_length_519_cov_2.043103	98.65	True	True
CONTIG	NODE_1598_length_519_cov_2.043103	519	ambiguous
CONTIG	NODE_1599_length_519_cov_1.982759	519	unaligned
66837	67355	519	1	EC034_NZ_JAERJB010000009.1	NODE_1600_length_519_cov_1.939655	99.42	True	True
283582	284100	519	1	EC031_NZ_JAERJC010000001.1	NODE_1600_length_519_cov_1.939655	99.42	True	True
112	630	519	1	A39_fig_1219382.3.peg.748	NODE_1600_length_519_cov_1.939655	99.23	True	True
112	630	519	1	CIP110549_fig_1392540.14.peg.362	NODE_1600_length_519_cov_1.939655	99.23	True	True
32529	33047	1	519	BB226_NZ_JAEQDM010000008.1	NODE_1600_length_519_cov_1.939655	99.04	True	True
CONTIG	NODE_1600_length_519_cov_1.939655	519	ambiguous
6018	6534	517	1	BB226_NZ_JAEQDM010000039.1	NODE_1601_length_519_cov_1.773707	97.29	True	True
135310	135826	1	517	BB362_NZ_JAEQDL010000002.1	NODE_1601_length_519_cov_1.773707	96.71	True	True
1	513	513	1	A39_fig_1219382.3.peg.1033	NODE_1601_length_519_cov_1.773707	97.27	True	True
CONTIG	NODE_1601_length_519_cov_1.773707	519	ambiguous
86565	87083	519	1	BB362_NZ_JAEQDL010000003.1	NODE_1602_length_519_cov_1.726293	97.69		True
CONTIG	NODE_1602_length_519_cov_1.726293	519	correct
167	685	519	1	CIP110549_fig_1392540.14.peg.463	NODE_1603_length_519_cov_1.168103	99.23	True	True
167	685	519	1	A39_fig_1219382.3.peg.1615	NODE_1603_length_519_cov_1.168103	98.27	True	True
CONTIG	NODE_1603_length_519_cov_1.168103	519	ambiguous
CONTIG	NODE_1604_length_519_cov_1.125000	519	unaligned
367	878	7	518	CIP110549_fig_1392540.14.peg.468	NODE_1605_length_518_cov_2.431965	98.63	True	True
367	878	7	518	A39_fig_1219382.3.peg.1610	NODE_1605_length_518_cov_2.431965	98.44	True	True
11589	12100	7	518	BB226_NZ_JAEQDM010000002.1	NODE_1605_length_518_cov_2.431965	98.05	True	True
CONTIG	NODE_1605_length_518_cov_2.431965	518	ambiguous
953	1470	518	1	CIP110549_fig_1392540.14.peg.903	NODE_1606_length_518_cov_2.313175	97.88	True	True
953	1470	518	1	A39_fig_1219382.3.peg.488	NODE_1606_length_518_cov_2.313175	97.49	True	True
120163	120680	518	1	EC034_NZ_JAERJB010000005.1	NODE_1606_length_518_cov_2.313175	97.49	True	True
5884	6401	1	518	EC031_NZ_JAERJC010000001.1	NODE_1606_length_518_cov_2.313175	97.49	True	True
CONTIG	NODE_1606_length_518_cov_2.313175	518	ambiguous
18290	18806	517	1	BB226_NZ_JAEQDM010000012.1	NODE_1607_length_518_cov_1.859611	98.65	True	True
17979	18495	517	1	BB362_NZ_JAEQDL010000019.1	NODE_1607_length_518_cov_1.859611	98.45	True	True
18478	18994	517	1	EC034_NZ_JAERJB010000012.1	NODE_1607_length_518_cov_1.859611	98.26	True	True
18298	18814	517	1	EC031_NZ_JAERJC010000002.1	NODE_1607_length_518_cov_1.859611	98.26	True	True
CONTIG	NODE_1607_length_518_cov_1.859611	518	ambiguous
22667	23178	1	512	BB226_NZ_JAEQDM010000002.1	NODE_1608_length_518_cov_1.442765	98.05	True	True
170256	170767	512	1	EC031_NZ_JAERJC010000003.1	NODE_1608_length_518_cov_1.442765	97.07	True	True
21603	22114	1	512	EC034_NZ_JAERJB010000001.1	NODE_1608_length_518_cov_1.442765	97.07	True	True
CONTIG	NODE_1608_length_518_cov_1.442765	518	ambiguous
76013	76525	1	513	EC031_NZ_JAERJC010000003.1	NODE_1609_length_518_cov_1.345572	99.42	True	True
115845	116357	513	1	EC034_NZ_JAERJB010000001.1	NODE_1609_length_518_cov_1.345572	99.42	True	True
CONTIG	NODE_1609_length_518_cov_1.345572	518	ambiguous
CONTIG	NODE_1610_length_518_cov_1.019438	518	unaligned
CONTIG	NODE_1611_length_518_cov_0.941685	518	unaligned
CONTIG	NODE_1612_length_518_cov_0.937365	518	unaligned
CONTIG	NODE_1613_length_517_cov_2.820346	517	unaligned
83	599	517	1	A39_fig_1219382.3.peg.2210	NODE_1614_length_517_cov_2.367965	99.61	True	True
83	599	517	1	CIP110549_fig_1392540.14.peg.1853	NODE_1614_length_517_cov_2.367965	99.61	True	True
16112	16628	1	517	BB226_NZ_JAEQDM010000029.1	NODE_1614_length_517_cov_2.367965	99.23	True	True
CONTIG	NODE_1614_length_517_cov_2.367965	517	ambiguous
304395	304525	131	1	EC031_NZ_JAERJC010000001.1	NODE_1615_length_517_cov_1.943723	100.0		False
87650	87780	131	1	EC034_NZ_JAERJB010000009.1	NODE_1615_length_517_cov_1.943723	100.0		False
12111	12241	1	131	BB226_NZ_JAEQDM010000008.1	NODE_1615_length_517_cov_1.943723	99.24		False
631	761	1	131	CIP110549_fig_1392540.14.peg.384	NODE_1615_length_517_cov_1.943723	99.24		False
631	761	1	131	A39_fig_1219382.3.peg.770	NODE_1615_length_517_cov_1.943723	99.24		False
12285	12389	1	105	BB362_NZ_JAEQDL010000004.1	NODE_1615_length_517_cov_1.943723	99.24		True
translocation
8927	9333	106	512	BB362_NZ_JAEQDL010000020.1	NODE_1615_length_517_cov_1.943723	97.79		True
CONTIG	NODE_1615_length_517_cov_1.943723	517	misassembled
4503	5019	1	517	BB362_NZ_JAEQDL010000011.1	NODE_1616_length_517_cov_1.621212	96.14	True	True
145468	145983	1	517	EC031_NZ_JAERJC010000004.1	NODE_1616_length_517_cov_1.621212	95.37	True	True
CONTIG	NODE_1616_length_517_cov_1.621212	517	ambiguous
CONTIG	NODE_1617_length_517_cov_1.547619	517	unaligned
CONTIG	NODE_1618_length_517_cov_1.489177	517	unaligned
CONTIG	NODE_1619_length_517_cov_1.283550	517	unaligned
CONTIG	NODE_1620_length_517_cov_1.110390	517	unaligned
CONTIG	NODE_1621_length_517_cov_1.019481	517	unaligned
262	775	516	3	A39_fig_1219382.3.peg.160	NODE_1622_length_516_cov_2.418655	99.22	True	True
262	775	516	3	CIP110549_fig_1392540.14.peg.1186	NODE_1622_length_516_cov_2.418655	99.03	True	True
68708	69221	3	516	BB226_NZ_JAEQDM010000013.1	NODE_1622_length_516_cov_2.418655	99.03	True	True
69901	70414	3	516	EC034_NZ_JAERJB010000004.1	NODE_1622_length_516_cov_2.418655	98.64	True	True
66583	67096	3	516	EC031_NZ_JAERJC010000008.1	NODE_1622_length_516_cov_2.418655	98.64	True	True
CONTIG	NODE_1622_length_516_cov_2.418655	516	ambiguous
32771	33203	433	1	EC031_NZ_JAERJC010000004.1	NODE_1623_length_516_cov_2.383948	98.38		False
693	1122	4	433	BB362_NZ_JAEQDL010000025.1	NODE_1623_length_516_cov_2.383948	98.37		False
78185	78617	1	433	EC034_NZ_JAERJB010000013.1	NODE_1623_length_516_cov_2.383948	98.38		True
CONTIG	NODE_1623_length_516_cov_2.383948	516	correct
380	892	513	1	A39_fig_1219382.3.peg.1446	NODE_1624_length_516_cov_2.034707	98.83		True
CONTIG	NODE_1624_length_516_cov_2.034707	516	correct
CONTIG	NODE_1625_length_516_cov_1.618221	516	unaligned
CONTIG	NODE_1626_length_516_cov_0.989154	516	unaligned
30722	31239	515	1	BB362_NZ_JAEQDL010000011.1	NODE_1627_length_515_cov_2.715217	97.1	True	True
25068	25581	515	1	BB226_NZ_JAEQDM010000003.1	NODE_1627_length_515_cov_2.715217	97.09	True	True
38648	39149	1	503	EC034_NZ_JAERJB010000015.1	NODE_1627_length_515_cov_2.715217	98.61	True	True
173408	173909	503	1	EC031_NZ_JAERJC010000004.1	NODE_1627_length_515_cov_2.715217	98.61	True	True
CONTIG	NODE_1627_length_515_cov_2.715217	515	ambiguous
909	1421	3	515	BB226_NZ_JAEQDM010000015.1	NODE_1628_length_515_cov_2.080435	99.22	True	True
123474	123986	3	515	EC031_NZ_JAERJC010000005.1	NODE_1628_length_515_cov_2.080435	99.03	True	True
11093	11605	3	515	EC034_NZ_JAERJB010000021.1	NODE_1628_length_515_cov_2.080435	99.03	True	True
144718	145230	3	515	BB362_NZ_JAEQDL010000002.1	NODE_1628_length_515_cov_2.080435	98.83	True	True
CONTIG	NODE_1628_length_515_cov_2.080435	515	ambiguous
71410	71924	515	1	BB226_NZ_JAEQDM010000013.1	NODE_1629_length_515_cov_1.719565	99.61	True	True
69286	69800	515	1	EC031_NZ_JAERJC010000008.1	NODE_1629_length_515_cov_1.719565	99.42	True	True
72604	73118	515	1	EC034_NZ_JAERJB010000004.1	NODE_1629_length_515_cov_1.719565	99.42	True	True
195782	196296	515	1	BB362_NZ_JAEQDL010000001.1	NODE_1629_length_515_cov_1.719565	98.83	True	True
CONTIG	NODE_1629_length_515_cov_1.719565	515	ambiguous
CONTIG	NODE_1630_length_515_cov_1.569565	515	unaligned
103945	104458	515	1	EC031_NZ_JAERJC010000002.1	NODE_1631_length_515_cov_1.502174	98.64	True	True
34760	35273	1	515	EC034_NZ_JAERJB010000019.1	NODE_1631_length_515_cov_1.502174	98.64	True	True
20317	20826	515	5	BB226_NZ_JAEQDM010000011.1	NODE_1631_length_515_cov_1.502174	99.02	True	True
CONTIG	NODE_1631_length_515_cov_1.502174	515	ambiguous
1	144	367	224	CIP110549_fig_1392540.14.peg.2313	NODE_1632_length_515_cov_1.358696	100.0		True
CONTIG	NODE_1632_length_515_cov_1.358696	515	correct
CONTIG	NODE_1633_length_515_cov_1.173913	515	unaligned
44353	44866	514	1	BB226_NZ_JAEQDM010000010.1	NODE_1634_length_514_cov_2.374728	96.5	True	True
19630	20139	514	5	BB362_NZ_JAEQDL010000018.1	NODE_1634_length_514_cov_2.374728	96.68	True	True
CONTIG	NODE_1634_length_514_cov_2.374728	514	ambiguous
107	614	514	7	A39_fig_1219382.3.peg.1182	NODE_1635_length_514_cov_2.174292	99.02	True	True
6374	6881	7	514	BB226_NZ_JAEQDM010000019.1	NODE_1635_length_514_cov_2.174292	98.82	True	True
51347	51854	514	7	EC031_NZ_JAERJC010000007.1	NODE_1635_length_514_cov_2.174292	98.62	True	True
51355	51862	514	7	EC034_NZ_JAERJB010000003.1	NODE_1635_length_514_cov_2.174292	98.62	True	True
2146	2653	7	514	BB362_NZ_JAEQDL010000071.1	NODE_1635_length_514_cov_2.174292	98.43	True	True
107	614	514	7	CIP110549_fig_1392540.14.peg.1322	NODE_1635_length_514_cov_2.174292	98.43	True	True
CONTIG	NODE_1635_length_514_cov_2.174292	514	ambiguous
57859	58372	1	514	BB362_NZ_JAEQDL010000001.1	NODE_1636_length_514_cov_1.433551	99.61	True	True
157366	157879	1	514	EC031_NZ_JAERJC010000002.1	NODE_1636_length_514_cov_1.433551	99.42	True	True
17238	17751	1	514	EC034_NZ_JAERJB010000020.1	NODE_1636_length_514_cov_1.433551	99.42	True	True
55026	55539	1	514	BB226_NZ_JAEQDM010000011.1	NODE_1636_length_514_cov_1.433551	99.03	True	True
CONTIG	NODE_1636_length_514_cov_1.433551	514	ambiguous
28634	29147	514	1	BB226_NZ_JAEQDM010000020.1	NODE_1637_length_514_cov_1.246187	98.83	True	True
24805	25318	1	514	EC031_NZ_JAERJC010000006.1	NODE_1637_length_514_cov_1.246187	97.86	True	True
24508	25021	1	514	EC034_NZ_JAERJB010000022.1	NODE_1637_length_514_cov_1.246187	97.86	True	True
CONTIG	NODE_1637_length_514_cov_1.246187	514	ambiguous
CONTIG	NODE_1638_length_514_cov_1.067538	514	unaligned
CONTIG	NODE_1639_length_514_cov_1.037037	514	unaligned
26287	26800	1	513	BB226_NZ_JAEQDM010000028.1	NODE_1640_length_513_cov_2.454148	98.25	True	True
29874	30387	1	513	BB362_NZ_JAEQDL010000021.1	NODE_1640_length_513_cov_2.454148	98.05	True	True
5723	6236	513	1	EC034_NZ_JAERJB010000017.1	NODE_1640_length_513_cov_2.454148	97.86	True	True
49315	49828	1	513	EC031_NZ_JAERJC010000015.1	NODE_1640_length_513_cov_2.454148	97.86	True	True
CONTIG	NODE_1640_length_513_cov_2.454148	513	ambiguous
65781	66287	513	7	BB362_NZ_JAEQDL010000001.1	NODE_1641_length_513_cov_1.858079	97.63		True
CONTIG	NODE_1641_length_513_cov_1.858079	513	correct
119977	120489	1	513	EC034_NZ_JAERJB010000002.1	NODE_1642_length_513_cov_1.700873	95.71	True	True
24323	24835	513	1	EC031_NZ_JAERJC010000020.1	NODE_1642_length_513_cov_1.700873	95.71	True	True
CONTIG	NODE_1642_length_513_cov_1.700873	513	ambiguous
CONTIG	NODE_1643_length_513_cov_0.893013	513	unaligned
3857	4368	512	1	BB226_NZ_JAEQDM010000037.1	NODE_1644_length_512_cov_2.870897	99.02	True	True
98311	98822	1	512	BB362_NZ_JAEQDL010000003.1	NODE_1644_length_512_cov_2.870897	98.63	True	True
CONTIG	NODE_1644_length_512_cov_2.870897	512	ambiguous
4397	4908	1	512	BB226_NZ_JAEQDM010000037.1	NODE_1645_length_512_cov_2.726477	98.44	True	True
10800	11311	1	512	EC031_NZ_JAERJC010000009.1	NODE_1645_length_512_cov_2.726477	97.66	True	True
101182	101693	512	1	EC034_NZ_JAERJB010000002.1	NODE_1645_length_512_cov_2.726477	97.66	True	True
CONTIG	NODE_1645_length_512_cov_2.726477	512	ambiguous
858	1369	512	1	CIP110549_fig_1392540.14.peg.1392	NODE_1646_length_512_cov_2.509847	99.8	True	True
45684	46195	1	512	BB226_NZ_JAEQDM010000015.1	NODE_1646_length_512_cov_2.509847	99.22	True	True
859	1369	511	1	A39_fig_1219382.3.peg.1113	NODE_1646_length_512_cov_2.509847	99.22	True	True
CONTIG	NODE_1646_length_512_cov_2.509847	512	ambiguous
41473	41980	512	5	BB226_NZ_JAEQDM010000003.1	NODE_1647_length_512_cov_2.293217	98.62	True	True
47133	47639	512	6	BB362_NZ_JAEQDL010000011.1	NODE_1647_length_512_cov_2.293217	98.22	True	True
CONTIG	NODE_1647_length_512_cov_2.293217	512	ambiguous
1390	1901	1	512	CIP110549_fig_1392540.14.peg.907	NODE_1648_length_512_cov_1.877462	98.24	True	True
1390	1901	1	512	A39_fig_1219382.3.peg.484	NODE_1648_length_512_cov_1.877462	97.85	True	True
CONTIG	NODE_1648_length_512_cov_1.877462	512	ambiguous
1249	1760	1	512	CIP110549_fig_1392540.14.peg.1370	NODE_1649_length_512_cov_1.765864	98.83	True	True
1249	1760	1	512	A39_fig_1219382.3.peg.1134	NODE_1649_length_512_cov_1.765864	97.85	True	True
CONTIG	NODE_1649_length_512_cov_1.765864	512	ambiguous
124	635	512	1	CIP110549_fig_1392540.14.peg.1248	NODE_1650_length_512_cov_1.704595	98.24	True	True
124	635	512	1	A39_fig_1219382.3.peg.1257	NODE_1650_length_512_cov_1.704595	97.85	True	True
3310	3821	512	1	BB226_NZ_JAEQDM010000014.1	NODE_1650_length_512_cov_1.704595	97.66	True	True
130953	131464	1	512	EC034_NZ_JAERJB010000003.1	NODE_1650_length_512_cov_1.704595	97.46	True	True
130945	131456	1	512	EC031_NZ_JAERJC010000007.1	NODE_1650_length_512_cov_1.704595	97.46	True	True
CONTIG	NODE_1650_length_512_cov_1.704595	512	ambiguous
59706	60217	512	1	BB226_NZ_JAEQDM010000012.1	NODE_1651_length_512_cov_1.678337	99.61	True	True
59758	60269	512	1	EC031_NZ_JAERJC010000002.1	NODE_1651_length_512_cov_1.678337	99.22	True	True
59938	60449	512	1	EC034_NZ_JAERJB010000012.1	NODE_1651_length_512_cov_1.678337	99.22	True	True
21966	22477	1	512	BB362_NZ_JAEQDL010000013.1	NODE_1651_length_512_cov_1.678337	99.22	True	True
CONTIG	NODE_1651_length_512_cov_1.678337	512	ambiguous
47235	47746	1	512	BB226_NZ_JAEQDM010000014.1	NODE_1652_length_512_cov_1.461707	99.22	True	True
33701	34212	512	1	BB362_NZ_JAEQDL010000005.1	NODE_1652_length_512_cov_1.461707	99.02	True	True
CONTIG	NODE_1652_length_512_cov_1.461707	512	ambiguous
135574	136085	1	512	BB226_NZ_JAEQDM010000002.1	NODE_1653_length_512_cov_1.365427	96.68	True	True
23990	24501	1	512	BB362_NZ_JAEQDL010000027.1	NODE_1653_length_512_cov_1.365427	96.48	True	True
54895	55406	512	1	EC031_NZ_JAERJC010000003.1	NODE_1653_length_512_cov_1.365427	96.09	True	True
136964	137475	1	512	EC034_NZ_JAERJB010000001.1	NODE_1653_length_512_cov_1.365427	96.09	True	True
CONTIG	NODE_1653_length_512_cov_1.365427	512	ambiguous
348	859	1	512	CIP110549_fig_1392540.14.peg.2324	NODE_1654_length_512_cov_1.039387	99.22		True
CONTIG	NODE_1654_length_512_cov_1.039387	512	correct
CONTIG	NODE_1655_length_511_cov_2.019737	511	unaligned
CONTIG	NODE_1656_length_511_cov_1.962719	511	unaligned
CONTIG	NODE_1657_length_511_cov_1.133772	511	unaligned
26292	26800	510	2	EC031_NZ_JAERJC010000001.1	NODE_1658_length_510_cov_2.428571	98.04	True	True
99764	100272	2	510	EC034_NZ_JAERJB010000005.1	NODE_1658_length_510_cov_2.428571	98.04	True	True
82452	82960	2	510	BB226_NZ_JAEQDM010000006.1	NODE_1658_length_510_cov_2.428571	97.64	True	True
5152	5660	510	2	BB362_NZ_JAEQDL010000015.1	NODE_1658_length_510_cov_2.428571	97.45	True	True
CONTIG	NODE_1658_length_510_cov_2.428571	510	ambiguous
92	601	1	510	CIP110549_fig_1392540.14.peg.302	NODE_1659_length_510_cov_1.826374	99.41		True
CONTIG	NODE_1659_length_510_cov_1.826374	510	correct
42327	42836	510	1	BB226_NZ_JAEQDM010000010.1	NODE_1660_length_510_cov_1.140659	98.63	True	True
58810	59319	1	510	EC034_NZ_JAERJB010000007.1	NODE_1660_length_510_cov_1.140659	98.43	True	True
97870	98379	510	1	EC031_NZ_JAERJC010000006.1	NODE_1660_length_510_cov_1.140659	98.43	True	True
17603	18112	510	1	BB362_NZ_JAEQDL010000018.1	NODE_1660_length_510_cov_1.140659	98.43	True	True
CONTIG	NODE_1660_length_510_cov_1.140659	510	ambiguous
479	988	1	510	BB226_NZ_JAEQDM010000011.1	NODE_1661_length_510_cov_1.083516	99.22		True
CONTIG	NODE_1661_length_510_cov_1.083516	510	correct
56404	56889	23	509	EC031_NZ_JAERJC010000010.1	NODE_1662_length_509_cov_2.222467	98.56		False
54566	55051	509	23	EC034_NZ_JAERJB010000006.1	NODE_1662_length_509_cov_2.222467	98.56		False
16979	17467	22	509	BB226_NZ_JAEQDM010000001.1	NODE_1662_length_509_cov_2.222467	98.98		True
CONTIG	NODE_1662_length_509_cov_2.222467	509	correct
67436	67944	509	1	BB226_NZ_JAEQDM010000004.1	NODE_1663_length_509_cov_1.988987	97.05		True
CONTIG	NODE_1663_length_509_cov_1.988987	509	correct
205459	205967	1	509	EC031_NZ_JAERJC010000002.1	NODE_1664_length_509_cov_1.903084	99.8	True	True
13436	13944	1	509	EC034_NZ_JAERJB010000023.1	NODE_1664_length_509_cov_1.903084	99.8	True	True
CONTIG	NODE_1664_length_509_cov_1.903084	509	ambiguous
20815	21323	509	1	BB226_NZ_JAEQDM010000002.1	NODE_1665_length_509_cov_1.773128	99.02	True	True
5478	5986	509	1	BB362_NZ_JAEQDL010000055.1	NODE_1665_length_509_cov_1.773128	98.82	True	True
CONTIG	NODE_1665_length_509_cov_1.773128	509	ambiguous
92437	92945	509	1	BB226_NZ_JAEQDM010000009.1	NODE_1666_length_509_cov_1.640969	98.43	True	True
6509	7017	1	509	BB362_NZ_JAEQDL010000003.1	NODE_1666_length_509_cov_1.640969	98.04	True	True
9399	9907	1	509	EC034_NZ_JAERJB010000002.1	NODE_1666_length_509_cov_1.640969	97.45	True	True
102586	103094	509	1	EC031_NZ_JAERJC010000009.1	NODE_1666_length_509_cov_1.640969	97.45	True	True
CONTIG	NODE_1666_length_509_cov_1.640969	509	ambiguous
CONTIG	NODE_1667_length_509_cov_1.607930	509	unaligned
63	571	1	509	CIP110549_fig_1392540.14.peg.847	NODE_1668_length_509_cov_1.400881	99.61		True
CONTIG	NODE_1668_length_509_cov_1.400881	509	correct
33331	33839	1	509	EC031_NZ_JAERJC010000001.1	NODE_1669_length_509_cov_1.381057	97.05	True	True
92725	93233	509	1	EC034_NZ_JAERJB010000005.1	NODE_1669_length_509_cov_1.381057	97.05	True	True
75421	75921	509	1	BB226_NZ_JAEQDM010000006.1	NODE_1669_length_509_cov_1.381057	96.86	True	True
12190	12693	1	504	BB362_NZ_JAEQDL010000015.1	NODE_1669_length_509_cov_1.381057	97.62	True	True
CONTIG	NODE_1669_length_509_cov_1.381057	509	ambiguous
CONTIG	NODE_1670_length_509_cov_1.341410	509	unaligned
CONTIG	NODE_1671_length_509_cov_1.207048	509	unaligned
48145	48653	509	1	BB226_NZ_JAEQDM010000003.1	NODE_1672_length_509_cov_1.033040	97.05		True
CONTIG	NODE_1672_length_509_cov_1.033040	509	correct
CONTIG	NODE_1673_length_508_cov_1.724062	508	unaligned
2197	2699	508	6	BB226_NZ_JAEQDM010000058.1	NODE_1674_length_508_cov_1.543046	99.6		True
CONTIG	NODE_1674_length_508_cov_1.543046	508	correct
40338	40845	508	1	BB226_NZ_JAEQDM010000005.1	NODE_1675_length_508_cov_1.461369	98.43	True	True
35137	35644	508	1	EC031_NZ_JAERJC010000004.1	NODE_1675_length_508_cov_1.461369	98.23	True	True
75744	76251	1	508	EC034_NZ_JAERJB010000013.1	NODE_1675_length_508_cov_1.461369	98.23	True	True
CONTIG	NODE_1675_length_508_cov_1.461369	508	ambiguous
CONTIG	NODE_1676_length_508_cov_1.039735	508	unaligned
28467	28974	508	1	EC031_NZ_JAERJC010000007.1	NODE_1677_length_508_cov_1.039735	98.62	True	True
28475	28982	508	1	EC034_NZ_JAERJB010000003.1	NODE_1677_length_508_cov_1.039735	98.62	True	True
18738	19245	1	508	BB362_NZ_JAEQDL010000030.1	NODE_1677_length_508_cov_1.039735	98.23	True	True
29259	29766	1	508	BB226_NZ_JAEQDM010000019.1	NODE_1677_length_508_cov_1.039735	98.23	True	True
CONTIG	NODE_1677_length_508_cov_1.039735	508	ambiguous
CONTIG	NODE_1678_length_508_cov_0.988962	508	unaligned
CONTIG	NODE_1679_length_508_cov_0.783664	508	unaligned
17722	18228	1	507	BB226_NZ_JAEQDM010000028.1	NODE_1680_length_507_cov_3.314159	99.41	True	True
33	539	507	1	CIP110549_fig_1392540.14.peg.2413	NODE_1680_length_507_cov_3.314159	98.82	True	True
23197	23703	1	507	BB362_NZ_JAEQDL010000021.1	NODE_1680_length_507_cov_3.314159	98.42	True	True
CONTIG	NODE_1680_length_507_cov_3.314159	507	ambiguous
38	544	1	507	CIP110549_fig_1392540.14.peg.2336	NODE_1681_length_507_cov_3.143805	96.45		True
CONTIG	NODE_1681_length_507_cov_3.143805	507	correct
1051	1557	507	1	EC034_NZ_JAERJB010000034.1	NODE_1682_length_507_cov_2.334071	99.61	True	True
1051	1557	507	1	EC031_NZ_JAERJC010000021.1	NODE_1682_length_507_cov_2.334071	99.61	True	True
20648	21154	1	507	BB226_NZ_JAEQDM010000018.1	NODE_1682_length_507_cov_2.334071	99.21	True	True
CONTIG	NODE_1682_length_507_cov_2.334071	507	ambiguous
9992	10498	1	507	EC031_NZ_JAERJC010000013.1	NODE_1683_length_507_cov_2.103982	98.62	True	True
9992	10498	1	507	EC034_NZ_JAERJB010000016.1	NODE_1683_length_507_cov_2.103982	98.62	True	True
1307	1813	1	507	BB362_NZ_JAEQDL010000009.1	NODE_1683_length_507_cov_2.103982	98.42	True	True
CONTIG	NODE_1683_length_507_cov_2.103982	507	ambiguous
CONTIG	NODE_1684_length_507_cov_1.590708	507	unaligned
CONTIG	NODE_1685_length_507_cov_1.059735	507	unaligned
CONTIG	NODE_1686_length_507_cov_0.986726	507	unaligned
94	599	506	1	BB362_NZ_JAEQDL010000064.1	NODE_1687_length_506_cov_2.263858	99.21	True	True
47034	47539	506	1	BB226_NZ_JAEQDM010000020.1	NODE_1687_length_506_cov_2.263858	98.22	True	True
5218	5723	1	506	EC034_NZ_JAERJB010000022.1	NODE_1687_length_506_cov_2.263858	98.22	True	True
5515	6020	1	506	EC031_NZ_JAERJC010000006.1	NODE_1687_length_506_cov_2.263858	98.22	True	True
CONTIG	NODE_1687_length_506_cov_2.263858	506	ambiguous
13641	14143	503	1	EC031_NZ_JAERJC010000020.1	NODE_1688_length_506_cov_2.035477	98.41	True	True
130669	131171	1	503	EC034_NZ_JAERJB010000002.1	NODE_1688_length_506_cov_2.035477	98.41	True	True
13887	14389	503	1	BB226_NZ_JAEQDM010000023.1	NODE_1688_length_506_cov_2.035477	97.61	True	True
CONTIG	NODE_1688_length_506_cov_2.035477	506	ambiguous
34238	34743	506	1	BB226_NZ_JAEQDM010000013.1	NODE_1689_length_506_cov_1.986696	99.6	True	True
149	654	1	506	A39_fig_1219382.3.peg.190	NODE_1689_length_506_cov_1.986696	99.6	True	True
149	654	1	506	CIP110549_fig_1392540.14.peg.1157	NODE_1689_length_506_cov_1.986696	99.41	True	True
158682	159187	506	1	BB362_NZ_JAEQDL010000001.1	NODE_1689_length_506_cov_1.986696	99.41	True	True
35432	35937	506	1	EC034_NZ_JAERJB010000004.1	NODE_1689_length_506_cov_1.986696	99.01	True	True
32114	32619	506	1	EC031_NZ_JAERJC010000008.1	NODE_1689_length_506_cov_1.986696	99.01	True	True
CONTIG	NODE_1689_length_506_cov_1.986696	506	ambiguous
675	1180	1	506	A39_fig_1219382.3.peg.1641	NODE_1690_length_506_cov_1.906874	99.21	True	True
21154	21659	506	1	BB362_NZ_JAEQDL010000035.1	NODE_1690_length_506_cov_1.906874	98.42	True	True
CONTIG	NODE_1690_length_506_cov_1.906874	506	ambiguous
79374	79878	2	506	EC034_NZ_JAERJB010000012.1	NODE_1691_length_506_cov_1.170732	99.41	True	True
79194	79698	2	506	EC031_NZ_JAERJC010000002.1	NODE_1691_length_506_cov_1.170732	99.41	True	True
80570	81074	2	506	BB226_NZ_JAEQDM010000012.1	NODE_1691_length_506_cov_1.170732	99.01	True	True
CONTIG	NODE_1691_length_506_cov_1.170732	506	ambiguous
CONTIG	NODE_1692_length_506_cov_1.006652	506	unaligned
CONTIG	NODE_1693_length_506_cov_0.966741	506	unaligned
111	597	487	1	CIP110549_fig_1392540.14.peg.1548	NODE_1694_length_505_cov_2.508889	97.33		False
7575	8061	1	487	BB362_NZ_JAEQDL010000003.1	NODE_1694_length_505_cov_2.508889	97.33		False
111	597	487	1	A39_fig_1219382.3.peg.985	NODE_1694_length_505_cov_2.508889	97.95		True
CONTIG	NODE_1694_length_505_cov_2.508889	505	correct
66894	67399	505	1	BB226_NZ_JAEQDM010000013.1	NODE_1695_length_505_cov_1.615556	99.6	True	True
68087	68592	505	1	EC034_NZ_JAERJB010000004.1	NODE_1695_length_505_cov_1.615556	98.81	True	True
191344	191849	505	1	BB362_NZ_JAEQDL010000001.1	NODE_1695_length_505_cov_1.615556	98.81	True	True
64769	65274	505	1	EC031_NZ_JAERJC010000008.1	NODE_1695_length_505_cov_1.615556	98.81	True	True
CONTIG	NODE_1695_length_505_cov_1.615556	505	ambiguous
883	1387	505	1	EC034_NZ_JAERJB010000032.1	NODE_1696_length_505_cov_1.608889	97.43	True	True
883	1387	505	1	EC031_NZ_JAERJC010000016.1	NODE_1696_length_505_cov_1.608889	97.43	True	True
CONTIG	NODE_1696_length_505_cov_1.608889	505	ambiguous
CONTIG	NODE_1697_length_505_cov_1.353333	505	unaligned
CONTIG	NODE_1698_length_505_cov_0.922222	505	unaligned
9790	10293	504	1	EC031_NZ_JAERJC010000009.1	NODE_1699_length_504_cov_3.280624	99.21	True	True
102200	102703	1	504	EC034_NZ_JAERJB010000002.1	NODE_1699_length_504_cov_3.280624	99.21	True	True
98789	99292	1	504	BB362_NZ_JAEQDL010000003.1	NODE_1699_length_504_cov_3.280624	99.01	True	True
CONTIG	NODE_1699_length_504_cov_3.280624	504	ambiguous
32224	32727	504	1	EC031_NZ_JAERJC010000001.1	NODE_1700_length_504_cov_2.942094	99.4	True	True
93837	94340	1	504	EC034_NZ_JAERJB010000005.1	NODE_1700_length_504_cov_2.942094	99.4	True	True
76525	77028	1	504	BB226_NZ_JAEQDM010000006.1	NODE_1700_length_504_cov_2.942094	99.01	True	True
CONTIG	NODE_1700_length_504_cov_2.942094	504	ambiguous
468576	469074	1	499	EC24_NZ_VTDO01000001.1	NODE_1701_length_504_cov_2.926503	95.59		True
CONTIG	NODE_1701_length_504_cov_2.926503	504	correct
6125	6628	1	504	BB362_NZ_JAEQDL010000050.1	NODE_1702_length_504_cov_2.748330	99.01		True
CONTIG	NODE_1702_length_504_cov_2.748330	504	correct
13	516	1	504	CIP110549_fig_1392540.14.peg.2055	NODE_1703_length_504_cov_2.469933	98.81	True	True
48551	49054	504	1	BB362_NZ_JAEQDL010000006.1	NODE_1703_length_504_cov_2.469933	98.61	True	True
54024	54527	1	504	BB226_NZ_JAEQDM010000018.1	NODE_1703_length_504_cov_2.469933	98.61	True	True
78770	79273	504	1	EC034_NZ_JAERJB010000006.1	NODE_1703_length_504_cov_2.469933	98.21	True	True
32182	32685	1	504	EC031_NZ_JAERJC010000010.1	NODE_1703_length_504_cov_2.469933	98.21	True	True
13	516	1	504	A39_fig_1219382.3.peg.1947	NODE_1703_length_504_cov_2.469933	98.21	True	True
CONTIG	NODE_1703_length_504_cov_2.469933	504	ambiguous
33460	33961	504	3	BB226_NZ_JAEQDM010000012.1	NODE_1704_length_504_cov_2.349666	99.0	True	True
32538	33039	504	3	BB362_NZ_JAEQDL010000019.1	NODE_1704_length_504_cov_2.349666	98.61	True	True
CONTIG	NODE_1704_length_504_cov_2.349666	504	ambiguous
6824	7327	504	1	BB226_NZ_JAEQDM010000015.1	NODE_1705_length_504_cov_2.191537	98.41		True
CONTIG	NODE_1705_length_504_cov_2.191537	504	correct
94811	95314	1	504	BB226_NZ_JAEQDM010000002.1	NODE_1706_length_504_cov_2.131403	98.02	True	True
95673	96176	504	1	EC031_NZ_JAERJC010000003.1	NODE_1706_length_504_cov_2.131403	97.42	True	True
96194	96697	1	504	EC034_NZ_JAERJB010000001.1	NODE_1706_length_504_cov_2.131403	97.42	True	True
CONTIG	NODE_1706_length_504_cov_2.131403	504	ambiguous
84	587	504	1	CIP110549_fig_1392540.14.peg.1602	NODE_1707_length_504_cov_1.236080	96.03	True	True
88	587	500	1	A39_fig_1219382.3.peg.931	NODE_1707_length_504_cov_1.236080	96.0	True	True
CONTIG	NODE_1707_length_504_cov_1.236080	504	ambiguous
403	906	1	504	CIP110549_fig_1392540.14.peg.976	NODE_1708_length_504_cov_1.075724	98.81	True	True
403	906	1	504	A39_fig_1219382.3.peg.417	NODE_1708_length_504_cov_1.075724	98.81	True	True
6506	7009	504	1	BB362_NZ_JAEQDL010000013.1	NODE_1708_length_504_cov_1.075724	98.02	True	True
CONTIG	NODE_1708_length_504_cov_1.075724	504	ambiguous
CONTIG	NODE_1709_length_504_cov_0.984410	504	unaligned
6460	6960	503	3	BB226_NZ_JAEQDM010000006.1	NODE_1710_length_503_cov_2.823661	98.0	True	True
23773	24273	503	3	EC034_NZ_JAERJB010000005.1	NODE_1710_length_503_cov_2.823661	97.41	True	True
102291	102791	3	503	EC031_NZ_JAERJC010000001.1	NODE_1710_length_503_cov_2.823661	97.41	True	True
CONTIG	NODE_1710_length_503_cov_2.823661	503	ambiguous
589	1090	1	502	CIP110549_fig_1392540.14.peg.210	NODE_1711_length_503_cov_2.439732	99.4		True
CONTIG	NODE_1711_length_503_cov_2.439732	503	correct
13202	13704	1	503	EC031_NZ_JAERJC010000025.1	NODE_1712_length_503_cov_2.299107	99.4	True	True
21136	21638	503	1	EC034_NZ_JAERJB010000025.1	NODE_1712_length_503_cov_2.299107	99.4	True	True
43	542	1	500	A39_fig_1219382.3.peg.2018	NODE_1712_length_503_cov_2.299107	99.0	True	True
CONTIG	NODE_1712_length_503_cov_2.299107	503	ambiguous
CONTIG	NODE_1713_length_503_cov_1.912946	503	unaligned
42219	42721	503	1	BB362_NZ_JAEQDL010000013.1	NODE_1714_length_503_cov_1.520089	99.4	True	True
39436	39938	1	503	BB226_NZ_JAEQDM010000012.1	NODE_1714_length_503_cov_1.520089	99.2	True	True
39657	40159	1	503	EC034_NZ_JAERJB010000012.1	NODE_1714_length_503_cov_1.520089	99.01	True	True
39477	39979	1	503	EC031_NZ_JAERJC010000002.1	NODE_1714_length_503_cov_1.520089	99.01	True	True
CONTIG	NODE_1714_length_503_cov_1.520089	503	ambiguous
CONTIG	NODE_1715_length_503_cov_1.131696	503	unaligned
CONTIG	NODE_1716_length_503_cov_1.071429	503	unaligned
852	1354	1	503	CIP110549_fig_1392540.14.peg.269	NODE_1717_length_503_cov_1.042411	97.81	True	True
15163	15665	503	1	BB362_NZ_JAEQDL010000047.1	NODE_1717_length_503_cov_1.042411	97.02	True	True
CONTIG	NODE_1717_length_503_cov_1.042411	503	ambiguous
372	873	502	1	CIP110549_fig_1392540.14.peg.2285	NODE_1718_length_502_cov_2.796421	99.2		True
CONTIG	NODE_1718_length_502_cov_2.796421	502	correct
128693	129194	1	502	BB362_NZ_JAEQDL010000001.1	NODE_1719_length_502_cov_2.118568	98.01		True
CONTIG	NODE_1719_length_502_cov_2.118568	502	correct
101847	102348	1	502	BB226_NZ_JAEQDM010000004.1	NODE_1720_length_502_cov_1.572707	99.2		True
CONTIG	NODE_1720_length_502_cov_1.572707	502	correct
8137	8637	501	1	BB226_NZ_JAEQDM010000010.1	NODE_1721_length_501_cov_3.780269	98.6	True	True
374	874	501	1	CIP110549_fig_1392540.14.peg.127	NODE_1721_length_501_cov_3.780269	98.4	True	True
CONTIG	NODE_1721_length_501_cov_3.780269	501	ambiguous
7335	7833	501	1	EC034_NZ_JAERJB010000035.1	NODE_1722_length_501_cov_2.636771	99.4	True	True
9104	9602	1	501	EC031_NZ_JAERJC010000022.1	NODE_1722_length_501_cov_2.636771	99.4	True	True
CONTIG	NODE_1722_length_501_cov_2.636771	501	ambiguous
44502	45001	2	501	EC031_NZ_JAERJC010000010.1	NODE_1723_length_501_cov_2.331839	98.8	True	True
66454	66953	501	2	EC034_NZ_JAERJB010000006.1	NODE_1723_length_501_cov_2.331839	98.8	True	True
41490	41989	501	2	BB362_NZ_JAEQDL010000006.1	NODE_1723_length_501_cov_2.331839	98.2	True	True
5072	5571	2	501	BB226_NZ_JAEQDM010000001.1	NODE_1723_length_501_cov_2.331839	98.0	True	True
CONTIG	NODE_1723_length_501_cov_2.331839	501	ambiguous
379	879	501	1	A39_fig_1219382.3.peg.495	NODE_1724_length_501_cov_2.098655	97.8	True	True
4270	4770	1	501	BB362_NZ_JAEQDL010000038.1	NODE_1724_length_501_cov_2.098655	97.6	True	True
379	879	501	1	CIP110549_fig_1392540.14.peg.896	NODE_1724_length_501_cov_2.098655	97.6	True	True
93726	94226	1	501	BB226_NZ_JAEQDM010000006.1	NODE_1724_length_501_cov_2.098655	97.41	True	True
111048	111548	1	501	EC034_NZ_JAERJB010000005.1	NODE_1724_length_501_cov_2.098655	97.01	True	True
15016	15516	501	1	EC031_NZ_JAERJC010000001.1	NODE_1724_length_501_cov_2.098655	97.01	True	True
CONTIG	NODE_1724_length_501_cov_2.098655	501	ambiguous
374	874	501	1	CIP110549_fig_1392540.14.peg.781	NODE_1725_length_501_cov_1.843049	100.0		True
CONTIG	NODE_1725_length_501_cov_1.843049	501	correct
252	752	1	501	A39_fig_1219382.3.peg.1539	NODE_1726_length_501_cov_1.645740	99.0	True	True
252	752	1	501	CIP110549_fig_1392540.14.peg.545	NODE_1726_length_501_cov_1.645740	98.8	True	True
CONTIG	NODE_1726_length_501_cov_1.645740	501	ambiguous
CONTIG	NODE_1727_length_501_cov_1.015695	501	unaligned
18774	19273	500	1	BB362_NZ_JAEQDL010000033.1	NODE_1728_length_500_cov_2.997753	97.2	True	True
68406	68905	500	1	BB226_NZ_JAEQDM010000010.1	NODE_1728_length_500_cov_2.997753	96.6	True	True
CONTIG	NODE_1728_length_500_cov_2.997753	500	ambiguous
6339	6838	500	1	SCC477_NZ_VTDQ01000064.1	NODE_1729_length_500_cov_2.152809	99.4		True
CONTIG	NODE_1729_length_500_cov_2.152809	500	correct
2426	2925	500	1	BB362_NZ_JAEQDL010000043.1	NODE_1730_length_500_cov_1.916854	99.4	True	True
24239	24738	500	1	EC034_NZ_JAERJB010000014.1	NODE_1730_length_500_cov_1.916854	98.8	True	True
36810	37309	500	1	EC031_NZ_JAERJC010000011.1	NODE_1730_length_500_cov_1.916854	98.8	True	True
CONTIG	NODE_1730_length_500_cov_1.916854	500	ambiguous
107967	108466	500	1	BB226_NZ_JAEQDM010000003.1	NODE_1731_length_500_cov_1.721348	99.4	True	True
14893	15392	500	1	BB362_NZ_JAEQDL010000017.1	NODE_1731_length_500_cov_1.721348	99.2	True	True
26449	26948	1	500	EC031_NZ_JAERJC010000014.1	NODE_1731_length_500_cov_1.721348	99.2	True	True
26449	26948	1	500	EC034_NZ_JAERJB010000018.1	NODE_1731_length_500_cov_1.721348	99.2	True	True
CONTIG	NODE_1731_length_500_cov_1.721348	500	ambiguous
79117	79616	500	1	BB226_NZ_JAEQDM010000007.1	NODE_1732_length_500_cov_1.393258	99.8		True
CONTIG	NODE_1732_length_500_cov_1.393258	500	correct
272687	273186	1	500	EC031_NZ_JAERJC010000001.1	NODE_1733_length_500_cov_1.289888	99.2	True	True
55942	56441	1	500	EC034_NZ_JAERJB010000009.1	NODE_1733_length_500_cov_1.289888	99.2	True	True
CONTIG	NODE_1733_length_500_cov_1.289888	500	ambiguous
CONTIG	NODE_1734_length_500_cov_1.119101	500	unaligned
CONTIG	NODE_1735_length_500_cov_0.968539	500	unaligned
